0 8 0 1 5 8
0 1 0 1
0 17 0 1 5 8 17
0 6 0 1 5 6
0 3 0 1 3
1 4 1 4
1 79 1 5 6 26 79
0 32 0 1 4 10 32
0 4 0 1 4
18 65 18 65
1 87 1 87
0 1 0 1
0 6 0 1 5 6
0 1 0 1
3 31 3 31
3 49 3 49
19 25 19 25
1 53 1 5 8 53
0 45 0 1 5 8 36 45
1 73 1 73
0 1 0 1
0 68 0 20 68
5 24 5 6 24
18 33 18 33
5 8 5 8
1 90 1 5 8 17 90
2 30 2 13 30
68 84 68 84
1 12 1 12
0 13 0 2 13
1 89 1 5 6 39 66 89
0 1 0 1
0 60 0 60
5 15 5 15
0 6 0 1 5 6
1 49 1 3 49
94 99 94 99
42 44 42 44
0 25 0 1 5 19 25
0 18 0 18
5 15 5 15
1 10 1 4 10
3 31 3 31
3 59 3 59
25 85 25 85
1 5 1 5
5 19 5 19
1 25 1 5 19 25
0 60 0 60
5 22 5 8 22
20 28 20 28
4 10 4 10
0 25 0 1 5 19 25
0 20 0 20
0 6 0 1 5 6
82 91 82 91
6 44 6 42 44
0 1 0 1
1 8 1 5 8
6 44 6 42 44
0 42 0 1 5 6 42
1 83 1 5 6 83
0 70 0 1 12 70
0 82 0 2 9 63 82
0 36 0 1 5 8 36
1 5 1 5
1 71 1 12 70 71
0 10 0 1 4 10
0 25 0 1 5 19 25
1 73 1 73
0 18 0 18
37 81 37 81
0 1 0 1
18 65 18 65
0 12 0 1 12
0 6 0 1 5 6
1 42 1 5 6 42
1 76 1 5 8 17 76
9 94 9 94
5 89 5 6 39 66 89
16 21 16 21
0 5 0 1 5
1 49 1 3 49
0 39 0 1 5 6 39
0 25 0 1 5 19 25
0 4 0 1 4
5 22 5 8 22
0 70 0 1 12 70
1 61 1 4 10 32 61
10 32 10 32
0 5 0 1 5
0 20 0 20
5 98 5 6 39 66 89 98
1 64 1 3 31 64
1 7 1 5 7
3 59 3 59
0 16 0 16
1 62 1 5 19 62
1 5 1 5
68 84 68 84
1 49 1 3 49
20 68 20 68
0 5 0 1 5
16 48 16 21 48
12 70 12 70
0 1 0 1
6 96 6 24 29 34 93 96
20 28 20 28
4 74 4 10 32 74
1 25 1 5 19 25
3 59 3 59
0 5 0 1 5
0 20 0 20
1 5 1 5
16 57 16 57
1 17 1 5 8 17
1 5 1 5
5 89 5 6 39 66 89
16 57 16 57
0 16 0 16
0 78 0 1 4 10 32 78
0 36 0 1 5 8 36
5 6 5 6
10 61 10 32 61
0 3 0 1 3
1 31 1 3 31
0 31 0 1 3 31
1 3 1 3
2 94 2 9 94
1 74 1 4 10 32 74
5 42 5 6 42
20 47 20 47
0 1 0 1
10 61 10 32 61
1 87 1 87
0 16 0 16
5 25 5 19 25
0 20 0 20
0 1 0 1
0 66 0 1 5 6 39 66
9 82 9 63 82
3 54 3 31 52 54
18 33 18 33
8 22 8 22
2 13 2 13
2 41 2 9 41
0 16 0 16
9 63 9 63
0 1 0 1
4 74 4 10 32 74
0 1 0 1
16 56 16 56
17 76 17 76
3 49 3 49
19 62 19 62
0 5 0 1 5
0 6 0 1 5 6
0 70 0 1 12 70
1 15 1 5 15
0 18 0 18
0 78 0 1 4 10 32 78
0 1 0 1
1 96 1 5 6 24 29 34 93 96
1 69 1 5 6 42 69
12 75 12 70 75
0 3 0 1 3
2 9 2 9
9 94 9 94
3 59 3 59
0 32 0 1 4 10 32
0 9 0 2 9
1 58 1 3 31 58
8 45 8 36 45
18 65 18 65
1 3 1 3
0 26 0 1 5 6 26
0 26 0 1 5 6 26
0 42 0 1 5 6 42
1 53 1 5 8 53
1 32 1 4 10 32
1 25 1 5 19 25
0 20 0 20
20 47 20 47
0 1 0 1
0 10 0 1 4 10
0 18 0 18
0 21 0 16 21
0 13 0 2 13
0 18 0 18
16 38 16 38
5 45 5 8 36 45
12 70 12 70
5 22 5 8 22
0 20 0 20
16 48 16 21 48
0 18 0 18
1 70 1 12 70
8 53 8 53
0 16 0 16
10 32 10 32
16 56 16 56
13 30 13 30
5 19 5 19
0 32 0 1 4 10 32
22 35 22 35
1 10 1 4 10
20 68 20 68
0 82 0 2 9 63 82
1 32 1 4 10 32
31 64 31 64
1 70 1 12 70
5 15 5 15
0 4 0 1 4
22 37 22 37
63 91 63 82 91
4 40 4 10 40
4 32 4 10 32
20 47 20 47
5 36 5 8 36
1 5 1 5
3 58 3 31 58
1 5 1 5
0 4 0 1 4
5 7 5 7
0 20 0 20
0 3 0 1 3
2 91 2 9 63 82 91
0 31 0 1 3 31
0 70 0 1 12 70
1 89 1 5 6 39 66 89
82 91 82 91
0 1 0 1
0 68 0 20 68
18 33 18 33
0 4 0 1 4
25 50 25 50
0 19 0 1 5 19
0 1 0 1
1 4 1 4
1 71 1 12 70 71
0 2 0 2
0 1 0 1
0 8 0 1 5 8
0 20 0 20
66 89 66 89
1 70 1 12 70
0 1 0 1
0 60 0 60
0 21 0 16 21
1 12 1 12
10 32 10 32
1 10 1 4 10
20 47 20 47
20 47 20 47
0 10 0 1 4 10
0 3 0 1 3
1 10 1 4 10
0 1 0 1
20 47 20 47
5 6 5 6
0 5 0 1 5
20 88 20 68 88
4 32 4 10 32
18 65 18 65
0 60 0 60
11 55 11 55
0 1 0 1
0 3 0 1 3
0 25 0 1 5 19 25
4 40 4 10 40
3 64 3 31 64
0 1 0 1
1 15 1 5 15
1 15 1 5 15
2 94 2 9 94
1 5 1 5
1 5 1 5
16 38 16 38
1 25 1 5 19 25
5 89 5 6 39 66 89
2 41 2 9 41
16 21 16 21
5 97 5 6 83 97
0 4 0 1 4
5 36 5 8 36
5 6 5 6
0 60 0 60
1 74 1 4 10 32 74
16 48 16 21 48
0 60 0 60
0 4 0 1 4
2 91 2 9 63 82 91
5 89 5 6 39 66 89
1 67 1 4 67
0 26 0 1 5 6 26
0 22 0 1 5 8 22
0 60 0 60
3 31 3 31
0 3 0 1 3
0 8 0 1 5 8
1 34 1 5 6 24 29 34
16 38 16 38
1 36 1 5 8 36
1 8 1 5 8
5 19 5 19
0 16 0 16
0 1 0 1
0 31 0 1 3 31
0 9 0 2 9
12 75 12 70 75
1 15 1 5 15
0 68 0 20 68
1 6 1 5 6
9 99 9 94 99
0 4 0 1 4
19 85 19 25 85
16 38 16 38
0 1 0 1
0 20 0 20
0 32 0 1 4 10 32
0 6 0 1 5 6
0 10 0 1 4 10
1 75 1 12 70 75
0 5 0 1 5
9 41 9 41
1 3 1 3
0 1 0 1
5 19 5 19
1 10 1 4 10
1 76 1 5 8 17 76
0 9 0 2 9
0 5 0 1 5
0 4 0 1 4
1 22 1 5 8 22
1 3 1 3
4 86 4 10 32 78 86
5 93 5 6 24 29 34 93
10 40 10 40
8 17 8 17
0 1 0 1
5 50 5 19 25 50
39 89 39 66 89
0 17 0 1 5 8 17
1 66 1 5 6 39 66
4 67 4 67
0 18 0 18
1 11 1 11
0 18 0 18
0 16 0 16
0 4 0 1 4
0 16 0 16
5 62 5 19 62
1 5 1 5
2 9 2 9
68 88 68 88
0 20 0 20
0 4 0 1 4
1 83 1 5 6 83
0 5 0 1 5
0 6 0 1 5 6
1 8 1 5 8
82 91 82 91
2 13 2 13
5 6 5 6
19 25 19 25
0 2 0 2
1 67 1 4 67
0 1 0 1
1 4 1 4
1 3 1 3
1 59 1 3 59
0 1 0 1
1 31 1 3 31
1 87 1 87
0 11 0 1 11
9 99 9 94 99
1 70 1 12 70
6 97 6 83 97
5 42 5 6 42
1 4 1 4
0 1 0 1
8 45 8 36 45
0 16 0 16
0 12 0 1 12
0 11 0 1 11
5 26 5 6 26
0 5 0 1 5
0 4 0 1 4
0 16 0 16
0 16 0 16
6 66 6 39 66
18 65 18 65
2 91 2 9 63 82 91
2 13 2 13
1 75 1 12 70 75
1 51 1 4 10 14 51
0 3 0 1 3
0 6 0 1 5 6
0 12 0 1 12
0 60 0 60
5 53 5 8 53
1 72 1 5 19 25 72
0 13 0 2 13
4 27 4 27
1 62 1 5 19 62
0 60 0 60
0 70 0 1 12 70
0 21 0 16 21
0 60 0 60
31 58 31 58
1 87 1 87
0 2 0 2
1 54 1 3 31 52 54
20 68 20 68
0 9 0 2 9
0 3 0 1 3
0 20 0 20
1 7 1 5 7
6 89 6 39 66 89
2 63 2 9 63
5 92 5 6 39 66 89 92
0 3 0 1 3
9 91 9 63 82 91
0 16 0 16
1 6 1 5 6
0 66 0 1 5 6 39 66
1 4 1 4
1 73 1 73
2 13 2 13
31 54 31 52 54
1 87 1 87
20 88 20 68 88
5 8 5 8
0 1 0 1
0 1 0 1
18 33 18 33
4 67 4 67
2 91 2 9 63 82 91
0 5 0 1 5
12 75 12 70 75
5 85 5 19 25 85
4 67 4 67
1 22 1 5 8 22
16 57 16 57
10 74 10 32 74
0 13 0 2 13
1 87 1 87
0 32 0 1 4 10 32
5 37 5 8 22 37
0 10 0 1 4 10
0 6 0 1 5 6
1 61 1 4 10 32 61
1 87 1 87
0 20 0 20
0 42 0 1 5 6 42
1 6 1 5 6
1 32 1 4 10 32
9 41 9 41
1 90 1 5 8 17 90
1 3 1 3
1 81 1 5 8 22 37 81
0 3 0 1 3
5 44 5 6 42 44
6 97 6 83 97
5 72 5 19 25 72
0 78 0 1 4 10 32 78
6 89 6 39 66 89
31 64 31 64
0 20 0 20
0 31 0 1 3 31
66 98 66 89 98
0 11 0 1 11
0 82 0 2 9 63 82
3 31 3 31
1 5 1 5
2 91 2 9 63 82 91
1 27 1 4 27
10 77 10 14 51 77
0 8 0 1 5 8
0 20 0 20
1 31 1 3 31
0 18 0 18
0 68 0 20 68
0 9 0 2 9
0 82 0 2 9 63 82
0 5 0 1 5
0 20 0 20
31 64 31 64
94 99 94 99
0 8 0 1 5 8
2 99 2 9 94 99
1 87 1 87
0 1 0 1
1 87 1 87
1 4 1 4
0 3 0 1 3
6 42 6 42
1 4 1 4
8 90 8 17 90
0 1 0 1
0 5 0 1 5
0 4 0 1 4
0 34 0 1 5 6 24 29 34
0 1 0 1
0 20 0 20
1 8 1 5 8
0 5 0 1 5
0 5 0 1 5
1 98 1 5 6 39 66 89 98
0 42 0 1 5 6 42
5 96 5 6 24 29 34 93 96
1 75 1 12 70 75
0 20 0 20
5 6 5 6
0 1 0 1
1 6 1 5 6
0 18 0 18
0 17 0 1 5 8 17
1 46 1 5 8 17 46
0 60 0 60
0 6 0 1 5 6
0 16 0 16
1 27 1 4 27
0 32 0 1 4 10 32
16 56 16 56
0 25 0 1 5 19 25
5 17 5 8 17
0 1 0 1
8 53 8 53
1 11 1 11
0 5 0 1 5
0 20 0 20
1 4 1 4
1 25 1 5 19 25
1 36 1 5 8 36
2 9 2 9
1 27 1 4 27
0 18 0 18
31 64 31 64
2 63 2 9 63
0 93 0 1 5 6 24 29 34 93
1 10 1 4 10
6 89 6 39 66 89
20 88 20 68 88
1 73 1 73
16 56 16 56
16 48 16 21 48
0 10 0 1 4 10
1 6 1 5 6
0 1 0 1
0 2 0 2
5 80 5 8 22 37 80
1 90 1 5 8 17 90
1 14 1 4 10 14
0 16 0 16
1 95 1 5 8 36 45 95
0 16 0 16
16 48 16 21 48
1 5 1 5
1 35 1 5 8 22 35
1 69 1 5 6 42 69
0 31 0 1 3 31
0 16 0 16
1 8 1 5 8
5 26 5 6 26
2 82 2 9 63 82
1 87 1 87
0 5 0 1 5
8 95 8 36 45 95
0 17 0 1 5 8 17
6 92 6 39 66 89 92
0 16 0 16
0 1 0 1
1 53 1 5 8 53
6 79 6 26 79
1 5 1 5
1 10 1 4 10
16 21 16 21
0 11 0 1 11
0 8 0 1 5 8
16 57 16 57
16 38 16 38
6 43 6 42 43
4 10 4 10
0 78 0 1 4 10 32 78
0 60 0 60
0 5 0 1 5
1 22 1 5 8 22
1 70 1 12 70
16 48 16 21 48
1 86 1 4 10 32 78 86
1 5 1 5
0 4 0 1 4
0 1 0 1
1 42 1 5 6 42
1 4 1 4
1 69 1 5 6 42 69
0 60 0 60
5 81 5 8 22 37 81
0 1 0 1
1 69 1 5 6 42 69
1 62 1 5 19 62
5 25 5 19 25
1 87 1 87
17 76 17 76
20 47 20 47
20 28 20 28
0 21 0 16 21
31 58 31 58
0 42 0 1 5 6 42
5 7 5 7
0 6 0 1 5 6
1 96 1 5 6 24 29 34 93 96
68 88 68 88
1 78 1 4 10 32 78
0 1 0 1
1 22 1 5 8 22
3 31 3 31
4 74 4 10 32 74
34 96 34 93 96
8 17 8 17
3 49 3 49
1 73 1 73
1 73 1 73
1 4 1 4
2 13 2 13
10 51 10 14 51
5 50 5 19 25 50
0 18 0 18
1 25 1 5 19 25
0 60 0 60
1 8 1 5 8
0 1 0 1
0 11 0 1 11
20 47 20 47
31 58 31 58
1 37 1 5 8 22 37
1 3 1 3
2 91 2 9 63 82 91
1 80 1 5 8 22 37 80
0 78 0 1 4 10 32 78
0 37 0 1 5 8 22 37
0 25 0 1 5 19 25
0 60 0 60
5 89 5 6 39 66 89
1 19 1 5 19
9 63 9 63
19 85 19 25 85
0 1 0 1
0 18 0 18
1 4 1 4
20 28 20 28
0 1 0 1
0 1 0 1
0 1 0 1
1 49 1 3 49
16 56 16 56
1 25 1 5 19 25
1 76 1 5 8 17 76
0 10 0 1 4 10
8 53 8 53
0 5 0 1 5
0 20 0 20
10 40 10 40
2 9 2 9
5 39 5 6 39
0 1 0 1
0 31 0 1 3 31
78 86 78 86
5 19 5 19
5 72 5 19 25 72
1 43 1 5 6 42 43
70 75 70 75
8 17 8 17
1 10 1 4 10
22 80 22 37 80
1 73 1 73
12 70 12 70
0 1 0 1
1 75 1 12 70 75
1 58 1 3 31 58
0 1 0 1
1 19 1 5 19
19 25 19 25
16 57 16 57
9 41 9 41
0 19 0 1 5 19
32 61 32 61
1 53 1 5 8 53
0 42 0 1 5 6 42
0 32 0 1 4 10 32
0 5 0 1 5
1 32 1 4 10 32
18 33 18 33
0 1 0 1
4 67 4 67
5 17 5 8 17
21 48 21 48
1 15 1 5 15
18 65 18 65
4 27 4 27
1 10 1 4 10
2 9 2 9
1 6 1 5 6
5 89 5 6 39 66 89
0 1 0 1
0 5 0 1 5
1 22 1 5 8 22
0 20 0 20
0 19 0 1 5 19
0 1 0 1
0 94 0 2 9 94
0 5 0 1 5
32 78 32 78
0 6 0 1 5 6
0 60 0 60
0 16 0 16
0 1 0 1
1 27 1 4 27
0 60 0 60
0 17 0 1 5 8 17
1 10 1 4 10
0 18 0 18
1 79 1 5 6 26 79
0 9 0 2 9
5 7 5 7
1 93 1 5 6 24 29 34 93
0 83 0 1 5 6 83
5 23 5 6 23
3 59 3 59
0 4 0 1 4
0 16 0 16
1 4 1 4
0 31 0 1 3 31
5 15 5 15
0 1 0 1
5 72 5 19 25 72
1 87 1 87
70 71 70 71
0 25 0 1 5 19 25
5 6 5 6
0 16 0 16
0 10 0 1 4 10
0 34 0 1 5 6 24 29 34
5 46 5 8 17 46
4 10 4 10
5 29 5 6 24 29
16 48 16 21 48
1 19 1 5 19
1 37 1 5 8 22 37
1 49 1 3 49
0 14 0 1 4 10 14
0 17 0 1 5 8 17
0 37 0 1 5 8 22 37
1 75 1 12 70 75
0 6 0 1 5 6
1 5 1 5
52 54 52 54
0 1 0 1
0 1 0 1
1 75 1 12 70 75
0 37 0 1 5 8 22 37
1 5 1 5
0 42 0 1 5 6 42
1 27 1 4 27
3 64 3 31 64
5 19 5 19
32 78 32 78
1 77 1 4 10 14 51 77
0 60 0 60
1 29 1 5 6 24 29
5 19 5 19
1 74 1 4 10 32 74
0 83 0 1 5 6 83
1 45 1 5 8 36 45
0 60 0 60
18 65 18 65
0 1 0 1
1 32 1 4 10 32
0 1 0 1
0 42 0 1 5 6 42
4 67 4 67
1 3 1 3
5 97 5 6 83 97
1 4 1 4
18 65 18 65
1 8 1 5 8
5 25 5 19 25
3 52 3 31 52
0 13 0 2 13
0 51 0 1 4 10 14 51
1 17 1 5 8 17
1 5 1 5
0 2 0 2
0 16 0 16
1 5 1 5
0 66 0 1 5 6 39 66
1 70 1 12 70
2 13 2 13
0 1 0 1
0 8 0 1 5 8
8 95 8 36 45 95
5 90 5 8 17 90
5 62 5 19 62
93 96 93 96
1 71 1 12 70 71
0 16 0 16
0 1 0 1
5 85 5 19 25 85
0 1 0 1
63 82 63 82
1 8 1 5 8
2 63 2 9 63
11 55 11 55
1 40 1 4 10 40
16 38 16 38
0 1 0 1
20 88 20 68 88
31 64 31 64
0 2 0 2
0 14 0 1 4 10 14
0 60 0 60
0 68 0 20 68
0 5 0 1 5
0 9 0 2 9
0 8 0 1 5 8
13 30 13 30
1 3 1 3
13 30 13 30
6 66 6 39 66
1 23 1 5 6 23
0 10 0 1 4 10
0 1 0 1
0 10 0 1 4 10
1 10 1 4 10
1 87 1 87
0 1 0 1
0 78 0 1 4 10 32 78
5 36 5 8 36
0 16 0 16
20 68 20 68
0 60 0 60
0 17 0 1 5 8 17
0 94 0 2 9 94
0 70 0 1 12 70
0 20 0 20
0 8 0 1 5 8
0 6 0 1 5 6
0 42 0 1 5 6 42
1 26 1 5 6 26
0 8 0 1 5 8
0 6 0 1 5 6
4 51 4 10 14 51
0 52 0 1 3 31 52
1 5 1 5
0 18 0 18
3 64 3 31 64
12 71 12 70 71
68 84 68 84
0 20 0 20
1 17 1 5 8 17
0 52 0 1 3 31 52
0 5 0 1 5
0 1 0 1
9 82 9 63 82
0 1 0 1
0 60 0 60
20 68 20 68
0 16 0 16
16 57 16 57
5 8 5 8
1 4 1 4
0 8 0 1 5 8
0 70 0 1 12 70
10 86 10 32 78 86
0 16 0 16
18 65 18 65
0 68 0 20 68
0 37 0 1 5 8 22 37
17 76 17 76
5 15 5 15
1 3 1 3
1 7 1 5 7
1 7 1 5 7
1 8 1 5 8
13 30 13 30
3 54 3 31 52 54
0 2 0 2
1 46 1 5 8 17 46
0 42 0 1 5 6 42
0 60 0 60
0 16 0 16
1 19 1 5 19
1 69 1 5 6 42 69
0 16 0 16
1 5 1 5
2 99 2 9 94 99
1 5 1 5
1 32 1 4 10 32
6 96 6 24 29 34 93 96
0 5 0 1 5
0 21 0 16 21
0 1 0 1
0 20 0 20
0 17 0 1 5 8 17
0 89 0 1 5 6 39 66 89
6 96 6 24 29 34 93 96
0 1 0 1
0 20 0 20
0 20 0 20
2 82 2 9 63 82
0 18 0 18
1 72 1 5 19 25 72
18 65 18 65
0 1 0 1
0 25 0 1 5 19 25
0 37 0 1 5 8 22 37
5 53 5 8 53
0 16 0 16
0 1 0 1
5 15 5 15
1 73 1 73
0 8 0 1 5 8
0 3 0 1 3
8 22 8 22
0 1 0 1
0 1 0 1
0 37 0 1 5 8 22 37
0 1 0 1
1 73 1 73
52 54 52 54
0 60 0 60
0 9 0 2 9
0 3 0 1 3
1 5 1 5
5 6 5 6
1 8 1 5 8
0 70 0 1 12 70
16 56 16 56
1 4 1 4
16 38 16 38
20 84 20 68 84
0 1 0 1
0 2 0 2
0 94 0 2 9 94
1 80 1 5 8 22 37 80
0 26 0 1 5 6 26
0 1 0 1
0 20 0 20
16 57 16 57
1 76 1 5 8 17 76
0 1 0 1
6 79 6 26 79
18 65 18 65
16 48 16 21 48
0 16 0 16
0 70 0 1 12 70
16 48 16 21 48
1 11 1 11
0 10 0 1 4 10
0 5 0 1 5
1 3 1 3
1 25 1 5 19 25
0 94 0 2 9 94
5 25 5 19 25
1 70 1 12 70
5 92 5 6 39 66 89 92
0 60 0 60
16 38 16 38
1 80 1 5 8 22 37 80
4 27 4 27
0 60 0 60
0 1 0 1
1 42 1 5 6 42
0 17 0 1 5 8 17
1 32 1 4 10 32
1 58 1 3 31 58
1 23 1 5 6 23
0 68 0 20 68
1 8 1 5 8
1 62 1 5 19 62
0 4 0 1 4
0 1 0 1
1 90 1 5 8 17 90
1 5 1 5
16 56 16 56
8 81 8 22 37 81
5 8 5 8
0 18 0 18
0 89 0 1 5 6 39 66 89
1 50 1 5 19 25 50
0 1 0 1
5 25 5 19 25
0 60 0 60
1 23 1 5 6 23
0 3 0 1 3
1 5 1 5
1 5 1 5
1 49 1 3 49
0 1 0 1
20 88 20 68 88
16 56 16 56
3 49 3 49
20 68 20 68
0 1 0 1
0 1 0 1
5 8 5 8
16 57 16 57
1 96 1 5 6 24 29 34 93 96
19 50 19 25 50
1 4 1 4
83 97 83 97
1 73 1 73
0 5 0 1 5
68 84 68 84
1 73 1 73
1 36 1 5 8 36
1 73 1 73
6 66 6 39 66
20 47 20 47
1 39 1 5 6 39
1 44 1 5 6 42 44
0 20 0 20
0 70 0 1 12 70
37 80 37 80
19 62 19 62
20 88 20 68 88
1 42 1 5 6 42
0 5 0 1 5
1 53 1 5 8 53
5 17 5 8 17
0 2 0 2
1 15 1 5 15
1 61 1 4 10 32 61
2 91 2 9 63 82 91
0 10 0 1 4 10
1 26 1 5 6 26
1 70 1 12 70
0 17 0 1 5 8 17
5 80 5 8 22 37 80
2 99 2 9 94 99
0 16 0 16
1 11 1 11
5 15 5 15
1 86 1 4 10 32 78 86
1 49 1 3 49
20 28 20 28
1 5 1 5
18 33 18 33
1 75 1 12 70 75
1 67 1 4 67
5 90 5 8 17 90
0 5 0 1 5
5 22 5 8 22
1 96 1 5 6 24 29 34 93 96
0 94 0 2 9 94
0 16 0 16
20 47 20 47
0 70 0 1 12 70
1 52 1 3 31 52
1 3 1 3
8 22 8 22
0 93 0 1 5 6 24 29 34 93
0 60 0 60
3 31 3 31
8 36 8 36
0 1 0 1
1 75 1 12 70 75
0 16 0 16
0 16 0 16
0 1 0 1
0 1 0 1
0 1 0 1
1 46 1 5 8 17 46
6 92 6 39 66 89 92
0 83 0 1 5 6 83
0 26 0 1 5 6 26
1 24 1 5 6 24
0 5 0 1 5
70 71 70 71
1 85 1 5 19 25 85
12 75 12 70 75
0 17 0 1 5 8 17
0 9 0 2 9
1 51 1 4 10 14 51
0 70 0 1 12 70
31 58 31 58
1 70 1 12 70
0 5 0 1 5
1 55 1 11 55
3 49 3 49
68 84 68 84
1 15 1 5 15
1 5 1 5
0 1 0 1
0 36 0 1 5 8 36
5 17 5 8 17
0 20 0 20
1 3 1 3
42 43 42 43
5 8 5 8
0 12 0 1 12
1 5 1 5
6 97 6 83 97
0 18 0 18
16 57 16 57
5 19 5 19
1 49 1 3 49
1 8 1 5 8
2 13 2 13
1 6 1 5 6
1 73 1 73
1 5 1 5
0 1 0 1
0 32 0 1 4 10 32
5 37 5 8 22 37
12 75 12 70 75
1 70 1 12 70
1 70 1 12 70
5 62 5 19 62
5 22 5 8 22
0 1 0 1
0 1 0 1
5 83 5 6 83
5 81 5 8 22 37 81
1 87 1 87
5 26 5 6 26
19 85 19 25 85
4 67 4 67
19 25 19 25
0 45 0 1 5 8 36 45
0 18 0 18
0 9 0 2 9
1 22 1 5 8 22
0 17 0 1 5 8 17
9 82 9 63 82
0 1 0 1
5 6 5 6
0 8 0 1 5 8
0 18 0 18
0 31 0 1 3 31
1 46 1 5 8 17 46
5 42 5 6 42
20 28 20 28
0 17 0 1 5 8 17
6 89 6 39 66 89
1 49 1 3 49
9 41 9 41
0 17 0 1 5 8 17
6 42 6 42
1 67 1 4 67
1 5 1 5
19 85 19 25 85
1 3 1 3
21 48 21 48
1 77 1 4 10 14 51 77
1 19 1 5 19
78 86 78 86
22 35 22 35
9 99 9 94 99
0 5 0 1 5
5 6 5 6
89 98 89 98
1 31 1 3 31
0 4 0 1 4
1 27 1 4 27
1 61 1 4 10 32 61
1 73 1 73
20 47 20 47
18 65 18 65
1 4 1 4
0 8 0 1 5 8
5 66 5 6 39 66
1 46 1 5 8 17 46
4 27 4 27
1 25 1 5 19 25
1 6 1 5 6
8 90 8 17 90
1 5 1 5
1 8 1 5 8
5 8 5 8
1 79 1 5 6 26 79
25 72 25 72
0 18 0 18
1 15 1 5 15
0 42 0 1 5 6 42
0 25 0 1 5 19 25
16 38 16 38
0 20 0 20
1 3 1 3
18 65 18 65
0 4 0 1 4
1 70 1 12 70
1 5 1 5
26 79 26 79
20 28 20 28
3 58 3 31 58
2 94 2 9 94
0 8 0 1 5 8
19 50 19 25 50
5 8 5 8
0 1 0 1
1 4 1 4
1 71 1 12 70 71
1 89 1 5 6 39 66 89
0 2 0 2
4 40 4 10 40
0 1 0 1
0 20 0 20
0 20 0 20
20 47 20 47
5 19 5 19
0 21 0 16 21
0 1 0 1
0 20 0 20
22 37 22 37
20 28 20 28
1 90 1 5 8 17 90
0 5 0 1 5
0 1 0 1
1 19 1 5 19
5 80 5 8 22 37 80
4 78 4 10 32 78
0 4 0 1 4
0 82 0 2 9 63 82
0 1 0 1
1 4 1 4
5 19 5 19
1 3 1 3
0 16 0 16
1 31 1 3 31
0 18 0 18
1 32 1 4 10 32
1 62 1 5 19 62
1 55 1 11 55
12 70 12 70
1 80 1 5 8 22 37 80
0 10 0 1 4 10
18 65 18 65
2 41 2 9 41
0 1 0 1
0 9 0 2 9
2 63 2 9 63
1 92 1 5 6 39 66 89 92
1 73 1 73
0 1 0 1
5 53 5 8 53
0 60 0 60
5 66 5 6 39 66
1 6 1 5 6
1 17 1 5 8 17
2 99 2 9 94 99
0 1 0 1
39 89 39 66 89
6 79 6 26 79
0 1 0 1
0 6 0 1 5 6
4 67 4 67
3 54 3 31 52 54
36 95 36 45 95
0 42 0 1 5 6 42
0 5 0 1 5
13 30 13 30
1 19 1 5 19
0 60 0 60
1 10 1 4 10
1 27 1 4 27
0 1 0 1
8 37 8 22 37
1 31 1 3 31
0 70 0 1 12 70
0 68 0 20 68
0 1 0 1
1 97 1 5 6 83 97
1 87 1 87
6 89 6 39 66 89
0 5 0 1 5
0 1 0 1
2 82 2 9 63 82
0 20 0 20
0 1 0 1
0 42 0 1 5 6 42
0 42 0 1 5 6 42
0 70 0 1 12 70
1 4 1 4
0 19 0 1 5 19
8 22 8 22
0 20 0 20
1 8 1 5 8
1 5 1 5
0 31 0 1 3 31
0 22 0 1 5 8 22
68 84 68 84
6 79 6 26 79
1 62 1 5 19 62
6 97 6 83 97
1 73 1 73
1 5 1 5
0 68 0 20 68
39 66 39 66
0 17 0 1 5 8 17
29 93 29 34 93
1 87 1 87
1 10 1 4 10
0 25 0 1 5 19 25
0 5 0 1 5
0 16 0 16
0 42 0 1 5 6 42
5 90 5 8 17 90
5 72 5 19 25 72
0 16 0 16
1 37 1 5 8 22 37
1 7 1 5 7
1 15 1 5 15
1 4 1 4
0 18 0 18
3 31 3 31
0 42 0 1 5 6 42
0 1 0 1
0 20 0 20
5 46 5 8 17 46
16 57 16 57
1 69 1 5 6 42 69
5 76 5 8 17 76
0 16 0 16
0 1 0 1
0 5 0 1 5
0 5 0 1 5
1 39 1 5 6 39
9 91 9 63 82 91
2 99 2 9 94 99
9 99 9 94 99
0 1 0 1
1 15 1 5 15
1 90 1 5 8 17 90
1 25 1 5 19 25
0 9 0 2 9
0 1 0 1
5 89 5 6 39 66 89
0 1 0 1
20 28 20 28
0 3 0 1 3
0 6 0 1 5 6
0 68 0 20 68
5 80 5 8 22 37 80
1 5 1 5
2 91 2 9 63 82 91
0 1 0 1
3 58 3 31 58
34 93 34 93
1 55 1 11 55
1 5 1 5
16 38 16 38
0 32 0 1 4 10 32
0 5 0 1 5
1 5 1 5
39 89 39 66 89
34 96 34 93 96
0 16 0 16
1 12 1 12
0 32 0 1 4 10 32
18 33 18 33
1 54 1 3 31 52 54
1 76 1 5 8 17 76
5 37 5 8 22 37
1 17 1 5 8 17
1 23 1 5 6 23
5 6 5 6
1 25 1 5 19 25
1 70 1 12 70
20 28 20 28
0 70 0 1 12 70
0 68 0 20 68
0 32 0 1 4 10 32
4 86 4 10 32 78 86
16 56 16 56
1 4 1 4
6 96 6 24 29 34 93 96
1 31 1 3 31
1 42 1 5 6 42
1 5 1 5
8 46 8 17 46
0 6 0 1 5 6
0 19 0 1 5 19
16 21 16 21
0 1 0 1
1 6 1 5 6
0 21 0 16 21
1 97 1 5 6 83 97
1 12 1 12
0 20 0 20
0 19 0 1 5 19
68 88 68 88
0 13 0 2 13
1 19 1 5 19
1 43 1 5 6 42 43
0 19 0 1 5 19
1 55 1 11 55
0 20 0 20
0 32 0 1 4 10 32
1 6 1 5 6
0 19 0 1 5 19
0 16 0 16
0 52 0 1 3 31 52
70 71 70 71
0 5 0 1 5
70 71 70 71
1 70 1 12 70
1 8 1 5 8
0 18 0 18
0 1 0 1
2 9 2 9
0 9 0 2 9
0 22 0 1 5 8 22
13 30 13 30
5 79 5 6 26 79
1 81 1 5 8 22 37 81
1 7 1 5 7
0 12 0 1 12
0 37 0 1 5 8 22 37
0 82 0 2 9 63 82
9 99 9 94 99
1 10 1 4 10
0 1 0 1
1 87 1 87
20 47 20 47
0 60 0 60
2 82 2 9 63 82
0 19 0 1 5 19
0 19 0 1 5 19
0 18 0 18
0 20 0 20
5 23 5 6 23
32 86 32 78 86
0 16 0 16
0 14 0 1 4 10 14
0 20 0 20
1 19 1 5 19
6 97 6 83 97
20 84 20 68 84
0 1 0 1
5 69 5 6 42 69
1 5 1 5
1 58 1 3 31 58
0 66 0 1 5 6 39 66
4 61 4 10 32 61
17 76 17 76
11 55 11 55
16 21 16 21
0 63 0 2 9 63
1 5 1 5
0 21 0 16 21
6 96 6 24 29 34 93 96
1 10 1 4 10
0 16 0 16
0 20 0 20
1 37 1 5 8 22 37
0 18 0 18
0 3 0 1 3
68 84 68 84
5 7 5 7
0 1 0 1
0 11 0 1 11
8 17 8 17
0 5 0 1 5
5 7 5 7
0 1 0 1
8 35 8 22 35
6 43 6 42 43
0 36 0 1 5 8 36
0 5 0 1 5
2 9 2 9
1 62 1 5 19 62
1 6 1 5 6
1 31 1 3 31
8 76 8 17 76
1 37 1 5 8 22 37
1 7 1 5 7
4 10 4 10
0 6 0 1 5 6
16 48 16 21 48
18 65 18 65
0 22 0 1 5 8 22
20 28 20 28
82 91 82 91
4 27 4 27
1 37 1 5 8 22 37
0 20 0 20
21 48 21 48
0 6 0 1 5 6
0 18 0 18
0 70 0 1 12 70
1 87 1 87
1 8 1 5 8
0 1 0 1
18 65 18 65
5 8 5 8
1 75 1 12 70 75
1 40 1 4 10 40
1 53 1 5 8 53
1 19 1 5 19
0 6 0 1 5 6
1 14 1 4 10 14
11 55 11 55
2 30 2 13 30
4 67 4 67
5 6 5 6
1 6 1 5 6
2 13 2 13
31 54 31 52 54
0 5 0 1 5
0 60 0 60
0 1 0 1
0 12 0 1 12
1 87 1 87
0 1 0 1
12 71 12 70 71
5 76 5 8 17 76
5 6 5 6
5 44 5 6 42 44
1 53 1 5 8 53
0 89 0 1 5 6 39 66 89
5 35 5 8 22 35
1 96 1 5 6 24 29 34 93 96
1 6 1 5 6
6 97 6 83 97
0 60 0 60
1 45 1 5 8 36 45
6 39 6 39
0 20 0 20
1 44 1 5 6 42 44
0 2 0 2
1 66 1 5 6 39 66
3 49 3 49
0 16 0 16
1 3 1 3
5 23 5 6 23
70 71 70 71
1 4 1 4
1 79 1 5 6 26 79
0 5 0 1 5
3 49 3 49
1 3 1 3
0 1 0 1
1 5 1 5
19 25 19 25
0 16 0 16
1 64 1 3 31 64
4 61 4 10 32 61
1 31 1 3 31
0 16 0 16
1 5 1 5
0 1 0 1
5 6 5 6
0 2 0 2
8 80 8 22 37 80
13 30 13 30
0 3 0 1 3
1 6 1 5 6
1 95 1 5 8 36 45 95
20 28 20 28
1 67 1 4 67
1 74 1 4 10 32 74
1 87 1 87
1 90 1 5 8 17 90
3 58 3 31 58
0 16 0 16
5 8 5 8
0 52 0 1 3 31 52
0 8 0 1 5 8
0 5 0 1 5
0 4 0 1 4
2 91 2 9 63 82 91
20 47 20 47
1 19 1 5 19
1 96 1 5 6 24 29 34 93 96
4 67 4 67
1 87 1 87
0 60 0 60
1 87 1 87
9 41 9 41
0 3 0 1 3
0 8 0 1 5 8
0 39 0 1 5 6 39
0 16 0 16
0 1 0 1
1 50 1 5 19 25 50
68 84 68 84
1 59 1 3 59
0 21 0 16 21
3 49 3 49
0 9 0 2 9
0 60 0 60
6 92 6 39 66 89 92
0 5 0 1 5
0 5 0 1 5
0 1 0 1
0 1 0 1
1 42 1 5 6 42
0 3 0 1 3
8 17 8 17
1 22 1 5 8 22
6 92 6 39 66 89 92
0 4 0 1 4
1 6 1 5 6
0 12 0 1 12
5 6 5 6
0 3 0 1 3
0 4 0 1 4
16 57 16 57
8 95 8 36 45 95
1 49 1 3 49
1 50 1 5 19 25 50
5 35 5 8 22 35
0 16 0 16
5 97 5 6 83 97
0 1 0 1
0 20 0 20
45 95 45 95
1 75 1 12 70 75
4 86 4 10 32 78 86
2 30 2 13 30
1 5 1 5
16 56 16 56
19 50 19 25 50
5 6 5 6
0 19 0 1 5 19
5 7 5 7
0 1 0 1
39 66 39 66
0 1 0 1
0 6 0 1 5 6
1 42 1 5 6 42
0 18 0 18
22 80 22 37 80
0 5 0 1 5
0 5 0 1 5
9 94 9 94
5 53 5 8 53
0 70 0 1 12 70
0 1 0 1
0 60 0 60
5 8 5 8
0 3 0 1 3
20 28 20 28
0 9 0 2 9
16 38 16 38
0 32 0 1 4 10 32
4 67 4 67
0 20 0 20
0 1 0 1
0 5 0 1 5
0 18 0 18
20 88 20 68 88
0 2 0 2
2 94 2 9 94
1 25 1 5 19 25
1 6 1 5 6
0 5 0 1 5
4 67 4 67
0 5 0 1 5
0 20 0 20
2 13 2 13
0 5 0 1 5
0 70 0 1 12 70
5 44 5 6 42 44
10 61 10 32 61
0 68 0 20 68
1 10 1 4 10
0 4 0 1 4
1 25 1 5 19 25
20 28 20 28
4 67 4 67
8 17 8 17
0 10 0 1 4 10
0 6 0 1 5 6
1 73 1 73
0 20 0 20
1 87 1 87
1 31 1 3 31
0 5 0 1 5
0 1 0 1
1 22 1 5 8 22
16 56 16 56
1 19 1 5 19
5 7 5 7
0 1 0 1
16 57 16 57
1 69 1 5 6 42 69
5 50 5 19 25 50
4 27 4 27
0 20 0 20
0 1 0 1
1 7 1 5 7
1 67 1 4 67
0 12 0 1 12
5 22 5 8 22
0 1 0 1
1 5 1 5
0 18 0 18
0 2 0 2
4 10 4 10
1 79 1 5 6 26 79
0 1 0 1
0 3 0 1 3
1 25 1 5 19 25
1 34 1 5 6 24 29 34
0 5 0 1 5
1 85 1 5 19 25 85
5 39 5 6 39
0 6 0 1 5 6
5 17 5 8 17
9 99 9 94 99
5 26 5 6 26
0 18 0 18
0 2 0 2
1 77 1 4 10 14 51 77
5 17 5 8 17
6 66 6 39 66
0 19 0 1 5 19
0 18 0 18
5 43 5 6 42 43
5 37 5 8 22 37
0 16 0 16
0 1 0 1
0 20 0 20
1 4 1 4
1 39 1 5 6 39
0 2 0 2
0 1 0 1
10 51 10 14 51
5 15 5 15
0 94 0 2 9 94
3 59 3 59
1 5 1 5
1 73 1 73
12 75 12 70 75
1 70 1 12 70
0 16 0 16
3 58 3 31 58
18 33 18 33
0 2 0 2
0 6 0 1 5 6
1 3 1 3
1 96 1 5 6 24 29 34 93 96
8 22 8 22
1 85 1 5 19 25 85
1 79 1 5 6 26 79
20 84 20 68 84
18 33 18 33
0 9 0 2 9
1 87 1 87
22 35 22 35
1 53 1 5 8 53
0 25 0 1 5 19 25
1 49 1 3 49
0 31 0 1 3 31
12 70 12 70
0 12 0 1 12
16 38 16 38
16 38 16 38
0 1 0 1
0 32 0 1 4 10 32
0 89 0 1 5 6 39 66 89
19 62 19 62
3 31 3 31
0 68 0 20 68
1 3 1 3
1 87 1 87
1 19 1 5 19
0 1 0 1
1 81 1 5 8 22 37 81
1 59 1 3 59
0 4 0 1 4
5 23 5 6 23
0 16 0 16
0 25 0 1 5 19 25
1 78 1 4 10 32 78
5 43 5 6 42 43
8 53 8 53
5 8 5 8
5 42 5 6 42
0 19 0 1 5 19
0 89 0 1 5 6 39 66 89
5 62 5 19 62
0 19 0 1 5 19
1 62 1 5 19 62
32 74 32 74
8 17 8 17
0 16 0 16
0 18 0 18
4 10 4 10
5 42 5 6 42
0 20 0 20
1 19 1 5 19
6 24 6 24
0 4 0 1 4
5 15 5 15
0 1 0 1
0 1 0 1
0 11 0 1 11
0 66 0 1 5 6 39 66
0 18 0 18
0 60 0 60
5 6 5 6
4 32 4 10 32
1 7 1 5 7
1 61 1 4 10 32 61
1 70 1 12 70
1 3 1 3
19 50 19 25 50
1 10 1 4 10
6 79 6 26 79
1 62 1 5 19 62
20 68 20 68
1 6 1 5 6
5 37 5 8 22 37
0 5 0 1 5
5 8 5 8
1 5 1 5
8 46 8 17 46
0 16 0 16
16 56 16 56
3 59 3 59
32 61 32 61
1 26 1 5 6 26
1 83 1 5 6 83
5 17 5 8 17
0 89 0 1 5 6 39 66 89
6 34 6 24 29 34
1 3 1 3
6 42 6 42
0 68 0 20 68
8 37 8 22 37
9 94 9 94
0 1 0 1
0 1 0 1
0 6 0 1 5 6
5 50 5 19 25 50
0 17 0 1 5 8 17
0 2 0 2
0 68 0 20 68
0 1 0 1
0 93 0 1 5 6 24 29 34 93
0 68 0 20 68
5 6 5 6
1 74 1 4 10 32 74
1 25 1 5 19 25
0 2 0 2
5 46 5 8 17 46
1 27 1 4 27
39 89 39 66 89
5 90 5 8 17 90
5 89 5 6 39 66 89
0 18 0 18
12 75 12 70 75
0 1 0 1
0 1 0 1
20 47 20 47
0 42 0 1 5 6 42
1 95 1 5 8 36 45 95
26 79 26 79
1 42 1 5 6 42
1 17 1 5 8 17
1 87 1 87
0 20 0 20
0 32 0 1 4 10 32
0 68 0 20 68
26 79 26 79
1 26 1 5 6 26
0 5 0 1 5
0 5 0 1 5
0 60 0 60
0 5 0 1 5
0 82 0 2 9 63 82
1 4 1 4
3 59 3 59
2 13 2 13
0 11 0 1 11
0 12 0 1 12
0 16 0 16
0 1 0 1
18 33 18 33
0 1 0 1
63 82 63 82
8 36 8 36
0 78 0 1 4 10 32 78
0 13 0 2 13
1 5 1 5
3 58 3 31 58
2 9 2 9
1 70 1 12 70
5 6 5 6
0 10 0 1 4 10
1 43 1 5 6 42 43
70 75 70 75
0 16 0 16
18 33 18 33
0 10 0 1 4 10
1 6 1 5 6
1 87 1 87
5 6 5 6
1 87 1 87
20 68 20 68
51 77 51 77
0 42 0 1 5 6 42
18 65 18 65
1 43 1 5 6 42 43
10 78 10 32 78
16 38 16 38
3 58 3 31 58
4 27 4 27
1 73 1 73
1 50 1 5 19 25 50
0 5 0 1 5
0 70 0 1 12 70
0 70 0 1 12 70
0 4 0 1 4
5 42 5 6 42
0 5 0 1 5
1 89 1 5 6 39 66 89
16 38 16 38
20 68 20 68
1 23 1 5 6 23
1 67 1 4 67
1 25 1 5 19 25
1 85 1 5 19 25 85
1 15 1 5 15
0 10 0 1 4 10
0 18 0 18
1 72 1 5 19 25 72
1 4 1 4
1 27 1 4 27
1 45 1 5 8 36 45
1 96 1 5 6 24 29 34 93 96
0 20 0 20
6 23 6 23
21 48 21 48
0 22 0 1 5 8 22
8 76 8 17 76
0 31 0 1 3 31
5 22 5 8 22
82 91 82 91
1 36 1 5 8 36
5 44 5 6 42 44
1 66 1 5 6 39 66
1 70 1 12 70
16 38 16 38
1 79 1 5 6 26 79
0 1 0 1
4 40 4 10 40
19 25 19 25
4 74 4 10 32 74
0 18 0 18
1 43 1 5 6 42 43
0 1 0 1
0 20 0 20
5 42 5 6 42
4 10 4 10
0 8 0 1 5 8
16 57 16 57
0 1 0 1
0 1 0 1
0 2 0 2
2 9 2 9
1 75 1 12 70 75
1 14 1 4 10 14
0 20 0 20
4 40 4 10 40
0 3 0 1 3
0 93 0 1 5 6 24 29 34 93
1 3 1 3
1 83 1 5 6 83
68 88 68 88
0 8 0 1 5 8
68 84 68 84
0 60 0 60
0 6 0 1 5 6
16 48 16 21 48
0 5 0 1 5
0 9 0 2 9
1 32 1 4 10 32
0 2 0 2
26 79 26 79
1 6 1 5 6
4 67 4 67
16 48 16 21 48
31 54 31 52 54
0 4 0 1 4
5 62 5 19 62
5 45 5 8 36 45
12 75 12 70 75
0 21 0 16 21
12 75 12 70 75
0 5 0 1 5
5 66 5 6 39 66
16 38 16 38
39 98 39 66 89 98
1 11 1 11
16 56 16 56
3 54 3 31 52 54
0 1 0 1
4 32 4 10 32
1 27 1 4 27
0 1 0 1
16 38 16 38
0 5 0 1 5
0 20 0 20
1 27 1 4 27
0 1 0 1
2 41 2 9 41
0 3 0 1 3
1 70 1 12 70
5 15 5 15
1 5 1 5
0 19 0 1 5 19
1 92 1 5 6 39 66 89 92
1 62 1 5 19 62
0 5 0 1 5
0 1 0 1
0 5 0 1 5
0 1 0 1
0 5 0 1 5
6 24 6 24
39 89 39 66 89
12 75 12 70 75
11 55 11 55
5 17 5 8 17
1 73 1 73
8 90 8 17 90
9 41 9 41
1 59 1 3 59
5 72 5 19 25 72
16 56 16 56
0 1 0 1
16 56 16 56
19 72 19 25 72
1 86 1 4 10 32 78 86
0 31 0 1 3 31
0 1 0 1
16 56 16 56
0 11 0 1 11
5 19 5 19
16 57 16 57
0 8 0 1 5 8
0 36 0 1 5 8 36
6 43 6 42 43
0 5 0 1 5
0 16 0 16
1 49 1 3 49
1 4 1 4
1 22 1 5 8 22
6 24 6 24
1 5 1 5
0 5 0 1 5
5 66 5 6 39 66
0 83 0 1 5 6 83
20 88 20 68 88
12 71 12 70 71
1 42 1 5 6 42
1 15 1 5 15
4 74 4 10 32 74
0 5 0 1 5
1 97 1 5 6 83 97
5 79 5 6 26 79
0 70 0 1 12 70
16 57 16 57
0 37 0 1 5 8 22 37
0 34 0 1 5 6 24 29 34
0 89 0 1 5 6 39 66 89
1 8 1 5 8
0 21 0 16 21
42 43 42 43
0 78 0 1 4 10 32 78
68 88 68 88
20 28 20 28
0 16 0 16
0 1 0 1
1 64 1 3 31 64
0 4 0 1 4
6 39 6 39
5 69 5 6 42 69
0 1 0 1
0 31 0 1 3 31
0 1 0 1
0 20 0 20
0 45 0 1 5 8 36 45
0 68 0 20 68
0 68 0 20 68
0 18 0 18
1 14 1 4 10 14
0 1 0 1
4 32 4 10 32
1 5 1 5
5 6 5 6
0 20 0 20
0 1 0 1
5 79 5 6 26 79
2 94 2 9 94
1 11 1 11
16 56 16 56
0 9 0 2 9
20 28 20 28
1 15 1 5 15
20 47 20 47
0 16 0 16
5 62 5 19 62
0 8 0 1 5 8
0 11 0 1 11
1 5 1 5
2 30 2 13 30
0 5 0 1 5
6 29 6 24 29
0 1 0 1
0 5 0 1 5
1 51 1 4 10 14 51
1 42 1 5 6 42
0 6 0 1 5 6
1 11 1 11
0 16 0 16
5 62 5 19 62
5 15 5 15
16 21 16 21
0 16 0 16
5 26 5 6 26
1 79 1 5 6 26 79
5 7 5 7
0 8 0 1 5 8
1 74 1 4 10 32 74
0 37 0 1 5 8 22 37
1 69 1 5 6 42 69
1 87 1 87
68 84 68 84
0 32 0 1 4 10 32
1 50 1 5 19 25 50
0 16 0 16
0 1 0 1
0 60 0 60
1 32 1 4 10 32
20 28 20 28
1 89 1 5 6 39 66 89
0 3 0 1 3
0 78 0 1 4 10 32 78
12 75 12 70 75
1 11 1 11
0 5 0 1 5
8 81 8 22 37 81
0 1 0 1
0 4 0 1 4
0 20 0 20
31 58 31 58
1 6 1 5 6
1 3 1 3
0 5 0 1 5
0 16 0 16
0 31 0 1 3 31
0 16 0 16
8 80 8 22 37 80
3 31 3 31
20 28 20 28
0 51 0 1 4 10 14 51
1 15 1 5 15
8 95 8 36 45 95
1 44 1 5 6 42 44
1 4 1 4
4 32 4 10 32
0 5 0 1 5
0 1 0 1
16 57 16 57
0 1 0 1
1 27 1 4 27
0 5 0 1 5
1 69 1 5 6 42 69
0 1 0 1
16 21 16 21
1 55 1 11 55
5 6 5 6
1 6 1 5 6
0 16 0 16
0 25 0 1 5 19 25
1 55 1 11 55
1 53 1 5 8 53
0 89 0 1 5 6 39 66 89
1 87 1 87
26 79 26 79
0 5 0 1 5
0 20 0 20
9 82 9 63 82
1 5 1 5
0 1 0 1
9 41 9 41
0 22 0 1 5 8 22
1 5 1 5
20 28 20 28
0 1 0 1
0 5 0 1 5
0 37 0 1 5 8 22 37
1 6 1 5 6
1 86 1 4 10 32 78 86
0 94 0 2 9 94
0 89 0 1 5 6 39 66 89
0 68 0 20 68
1 72 1 5 19 25 72
1 81 1 5 8 22 37 81
4 27 4 27
0 1 0 1
5 69 5 6 42 69
1 4 1 4
1 6 1 5 6
12 75 12 70 75
0 1 0 1
0 16 0 16
1 5 1 5
1 97 1 5 6 83 97
0 3 0 1 3
4 77 4 10 14 51 77
6 29 6 24 29
1 77 1 4 10 14 51 77
8 76 8 17 76
1 10 1 4 10
1 15 1 5 15
8 35 8 22 35
1 40 1 4 10 40
0 8 0 1 5 8
0 5 0 1 5
68 84 68 84
12 75 12 70 75
1 73 1 73
0 22 0 1 5 8 22
0 4 0 1 4
0 16 0 16
1 72 1 5 19 25 72
1 11 1 11
1 52 1 3 31 52
0 20 0 20
1 87 1 87
20 28 20 28
10 61 10 32 61
0 5 0 1 5
1 86 1 4 10 32 78 86
0 16 0 16
4 10 4 10
0 16 0 16
4 27 4 27
0 16 0 16
0 1 0 1
0 5 0 1 5
2 9 2 9
0 1 0 1
2 99 2 9 94 99
1 3 1 3
9 91 9 63 82 91
1 10 1 4 10
1 19 1 5 19
8 17 8 17
6 24 6 24
1 98 1 5 6 39 66 89 98
0 89 0 1 5 6 39 66 89
12 75 12 70 75
31 64 31 64
5 6 5 6
0 5 0 1 5
68 88 68 88
25 72 25 72
3 49 3 49
0 68 0 20 68
1 5 1 5
18 65 18 65
24 96 24 29 34 93 96
0 2 0 2
0 1 0 1
25 85 25 85
1 8 1 5 8
0 8 0 1 5 8
0 5 0 1 5
8 35 8 22 35
16 38 16 38
5 6 5 6
5 6 5 6
1 23 1 5 6 23
0 1 0 1
21 48 21 48
16 57 16 57
37 81 37 81
31 58 31 58
1 42 1 5 6 42
0 9 0 2 9
1 44 1 5 6 42 44
0 31 0 1 3 31
1 59 1 3 59
1 54 1 3 31 52 54
0 11 0 1 11
0 2 0 2
0 68 0 20 68
0 1 0 1
31 58 31 58
2 41 2 9 41
0 1 0 1
18 65 18 65
32 61 32 61
0 68 0 20 68
18 65 18 65
1 17 1 5 8 17
0 68 0 20 68
1 3 1 3
0 5 0 1 5
0 1 0 1
1 42 1 5 6 42
0 42 0 1 5 6 42
0 5 0 1 5
18 65 18 65
0 1 0 1
1 32 1 4 10 32
68 88 68 88
1 77 1 4 10 14 51 77
0 3 0 1 3
18 65 18 65
19 62 19 62
0 70 0 1 12 70
16 56 16 56
0 39 0 1 5 6 39
0 1 0 1
0 5 0 1 5
5 85 5 19 25 85
6 69 6 42 69
1 45 1 5 8 36 45
0 63 0 2 9 63
0 3 0 1 3
5 62 5 19 62
5 17 5 8 17
5 15 5 15
20 28 20 28
2 30 2 13 30
12 70 12 70
0 4 0 1 4
1 79 1 5 6 26 79
1 39 1 5 6 39
0 2 0 2
0 16 0 16
20 88 20 68 88
0 4 0 1 4
0 16 0 16
0 18 0 18
2 30 2 13 30
1 55 1 11 55
20 28 20 28
0 22 0 1 5 8 22
0 70 0 1 12 70
1 97 1 5 6 83 97
0 9 0 2 9
1 32 1 4 10 32
1 25 1 5 19 25
0 6 0 1 5 6
0 42 0 1 5 6 42
1 4 1 4
1 4 1 4
1 5 1 5
0 5 0 1 5
0 16 0 16
0 20 0 20
1 92 1 5 6 39 66 89 92
0 3 0 1 3
0 42 0 1 5 6 42
20 88 20 68 88
0 1 0 1
1 77 1 4 10 14 51 77
5 37 5 8 22 37
0 5 0 1 5
0 19 0 1 5 19
5 76 5 8 17 76
1 17 1 5 8 17
0 16 0 16
24 96 24 29 34 93 96
4 51 4 10 14 51
0 60 0 60
3 59 3 59
1 76 1 5 8 17 76
1 31 1 3 31
3 52 3 31 52
2 99 2 9 94 99
1 5 1 5
0 18 0 18
0 18 0 18
0 60 0 60
3 59 3 59
0 16 0 16
5 53 5 8 53
0 3 0 1 3
0 26 0 1 5 6 26
0 18 0 18
0 9 0 2 9
16 57 16 57
0 18 0 18
0 8 0 1 5 8
0 5 0 1 5
0 42 0 1 5 6 42
1 31 1 3 31
1 5 1 5
19 25 19 25
1 5 1 5
20 28 20 28
2 9 2 9
9 91 9 63 82 91
0 42 0 1 5 6 42
0 9 0 2 9
0 20 0 20
1 5 1 5
1 73 1 73
0 68 0 20 68
1 71 1 12 70 71
0 16 0 16
1 7 1 5 7
0 2 0 2
0 1 0 1
1 8 1 5 8
0 1 0 1
1 92 1 5 6 39 66 89 92
4 32 4 10 32
39 66 39 66
0 18 0 18
1 44 1 5 6 42 44
0 1 0 1
1 19 1 5 19
0 10 0 1 4 10
1 8 1 5 8
0 16 0 16
0 20 0 20
20 84 20 68 84
0 63 0 2 9 63
5 46 5 8 17 46
5 17 5 8 17
0 20 0 20
1 49 1 3 49
2 13 2 13
1 3 1 3
20 84 20 68 84
18 33 18 33
18 33 18 33
0 31 0 1 3 31
2 30 2 13 30
0 16 0 16
0 4 0 1 4
1 6 1 5 6
1 19 1 5 19
0 42 0 1 5 6 42
18 33 18 33
1 73 1 73
0 89 0 1 5 6 39 66 89
1 78 1 4 10 32 78
16 48 16 21 48
1 4 1 4
0 68 0 20 68
2 30 2 13 30
1 55 1 11 55
1 7 1 5 7
0 8 0 1 5 8
6 44 6 42 44
0 20 0 20
1 42 1 5 6 42
0 20 0 20
1 55 1 11 55
0 1 0 1
9 94 9 94
0 19 0 1 5 19
1 29 1 5 6 24 29
0 18 0 18
0 3 0 1 3
0 5 0 1 5
0 20 0 20
12 70 12 70
0 1 0 1
3 64 3 31 64
0 21 0 16 21
2 30 2 13 30
5 92 5 6 39 66 89 92
36 95 36 45 95
18 65 18 65
1 67 1 4 67
1 64 1 3 31 64
6 89 6 39 66 89
3 52 3 31 52
1 87 1 87
0 4 0 1 4
0 60 0 60
1 12 1 12
0 8 0 1 5 8
19 25 19 25
8 80 8 22 37 80
8 81 8 22 37 81
0 22 0 1 5 8 22
0 25 0 1 5 19 25
18 65 18 65
18 65 18 65
1 5 1 5
16 21 16 21
0 6 0 1 5 6
10 32 10 32
0 42 0 1 5 6 42
11 55 11 55
14 77 14 51 77
0 5 0 1 5
1 7 1 5 7
0 11 0 1 11
5 7 5 7
0 82 0 2 9 63 82
21 48 21 48
1 4 1 4
1 5 1 5
5 69 5 6 42 69
0 21 0 16 21
0 5 0 1 5
0 4 0 1 4
1 5 1 5
9 99 9 94 99
1 93 1 5 6 24 29 34 93
6 43 6 42 43
5 53 5 8 53
20 68 20 68
0 16 0 16
12 70 12 70
20 28 20 28
68 84 68 84
94 99 94 99
8 22 8 22
0 3 0 1 3
1 11 1 11
0 8 0 1 5 8
16 48 16 21 48
1 4 1 4
5 8 5 8
13 30 13 30
5 17 5 8 17
0 8 0 1 5 8
1 43 1 5 6 42 43
0 8 0 1 5 8
4 27 4 27
1 52 1 3 31 52
8 35 8 22 35
5 25 5 19 25
1 15 1 5 15
1 22 1 5 8 22
0 9 0 2 9
0 3 0 1 3
0 19 0 1 5 19
0 12 0 1 12
1 85 1 5 19 25 85
6 44 6 42 44
0 39 0 1 5 6 39
0 42 0 1 5 6 42
16 21 16 21
0 60 0 60
0 20 0 20
0 68 0 20 68
0 16 0 16
0 8 0 1 5 8
42 69 42 69
1 5 1 5
4 10 4 10
1 77 1 4 10 14 51 77
0 68 0 20 68
1 86 1 4 10 32 78 86
20 47 20 47
0 1 0 1
18 65 18 65
0 10 0 1 4 10
16 56 16 56
4 27 4 27
1 19 1 5 19
1 83 1 5 6 83
1 5 1 5
0 20 0 20
19 25 19 25
0 5 0 1 5
0 6 0 1 5 6
5 8 5 8
0 24 0 1 5 6 24
0 20 0 20
0 60 0 60
5 26 5 6 26
1 85 1 5 19 25 85
0 4 0 1 4
0 31 0 1 3 31
1 61 1 4 10 32 61
0 16 0 16
0 1 0 1
0 3 0 1 3
1 58 1 3 31 58
1 69 1 5 6 42 69
1 43 1 5 6 42 43
1 75 1 12 70 75
21 48 21 48
20 47 20 47
0 60 0 60
5 92 5 6 39 66 89 92
34 93 34 93
0 70 0 1 12 70
20 28 20 28
18 65 18 65
0 60 0 60
6 66 6 39 66
2 13 2 13
3 31 3 31
0 60 0 60
1 15 1 5 15
0 66 0 1 5 6 39 66
0 9 0 2 9
5 43 5 6 42 43
0 9 0 2 9
0 29 0 1 5 6 24 29
3 59 3 59
0 5 0 1 5
1 36 1 5 8 36
51 77 51 77
0 1 0 1
0 36 0 1 5 8 36
1 31 1 3 31
16 38 16 38
5 90 5 8 17 90
0 6 0 1 5 6
0 1 0 1
42 69 42 69
4 74 4 10 32 74
0 1 0 1
1 4 1 4
94 99 94 99
20 88 20 68 88
0 18 0 18
0 68 0 20 68
1 25 1 5 19 25
3 49 3 49
20 47 20 47
0 6 0 1 5 6
0 1 0 1
0 82 0 2 9 63 82
0 9 0 2 9
0 25 0 1 5 19 25
12 71 12 70 71
1 61 1 4 10 32 61
0 16 0 16
0 8 0 1 5 8
18 33 18 33
0 1 0 1
19 72 19 25 72
0 20 0 20
1 71 1 12 70 71
10 32 10 32
0 37 0 1 5 8 22 37
0 1 0 1
16 38 16 38
0 18 0 18
3 54 3 31 52 54
1 73 1 73
20 28 20 28
0 1 0 1
0 89 0 1 5 6 39 66 89
0 83 0 1 5 6 83
8 45 8 36 45
0 6 0 1 5 6
1 55 1 11 55
1 6 1 5 6
4 40 4 10 40
39 98 39 66 89 98
16 56 16 56
0 16 0 16
1 24 1 5 6 24
0 60 0 60
0 94 0 2 9 94
0 18 0 18
18 33 18 33
0 1 0 1
0 1 0 1
5 42 5 6 42
5 8 5 8
1 3 1 3
1 75 1 12 70 75
18 33 18 33
0 60 0 60
1 5 1 5
68 88 68 88
5 62 5 19 62
5 81 5 8 22 37 81
1 53 1 5 8 53
0 1 0 1
1 42 1 5 6 42
20 47 20 47
20 47 20 47
0 93 0 1 5 6 24 29 34 93
16 38 16 38
8 22 8 22
0 5 0 1 5
0 3 0 1 3
1 3 1 3
1 98 1 5 6 39 66 89 98
1 75 1 12 70 75
9 63 9 63
0 12 0 1 12
1 26 1 5 6 26
9 94 9 94
0 60 0 60
1 3 1 3
16 57 16 57
16 56 16 56
1 85 1 5 19 25 85
1 42 1 5 6 42
0 1 0 1
0 13 0 2 13
0 8 0 1 5 8
0 18 0 18
1 19 1 5 19
0 21 0 16 21
1 83 1 5 6 83
0 2 0 2
0 66 0 1 5 6 39 66
0 6 0 1 5 6
0 1 0 1
0 22 0 1 5 8 22
16 56 16 56
0 1 0 1
1 49 1 3 49
0 20 0 20
5 17 5 8 17
3 64 3 31 64
10 40 10 40
1 86 1 4 10 32 78 86
14 51 14 51
5 15 5 15
5 6 5 6
0 1 0 1
3 31 3 31
0 1 0 1
0 89 0 1 5 6 39 66 89
70 71 70 71
0 68 0 20 68
0 5 0 1 5
0 4 0 1 4
4 10 4 10
0 20 0 20
1 3 1 3
2 63 2 9 63
1 87 1 87
0 16 0 16
0 34 0 1 5 6 24 29 34
10 32 10 32
20 28 20 28
0 1 0 1
2 13 2 13
1 55 1 11 55
0 1 0 1
2 30 2 13 30
0 1 0 1
6 34 6 24 29 34
0 1 0 1
1 85 1 5 19 25 85
5 90 5 8 17 90
1 22 1 5 8 22
45 95 45 95
0 42 0 1 5 6 42
16 57 16 57
3 59 3 59
3 58 3 31 58
2 30 2 13 30
0 1 0 1
0 16 0 16
1 49 1 3 49
2 94 2 9 94
12 71 12 70 71
1 5 1 5
0 4 0 1 4
0 20 0 20
0 1 0 1
1 93 1 5 6 24 29 34 93
10 74 10 32 74
20 84 20 68 84
0 20 0 20
0 42 0 1 5 6 42
0 4 0 1 4
0 20 0 20
1 87 1 87
1 73 1 73
0 82 0 2 9 63 82
0 12 0 1 12
0 1 0 1
16 56 16 56
0 5 0 1 5
1 40 1 4 10 40
5 83 5 6 83
1 6 1 5 6
31 58 31 58
16 56 16 56
18 33 18 33
5 66 5 6 39 66
0 37 0 1 5 8 22 37
22 35 22 35
6 69 6 42 69
1 52 1 3 31 52
0 9 0 2 9
4 10 4 10
5 46 5 8 17 46
9 82 9 63 82
1 50 1 5 19 25 50
1 75 1 12 70 75
0 1 0 1
0 11 0 1 11
0 4 0 1 4
0 22 0 1 5 8 22
10 51 10 14 51
8 17 8 17
2 99 2 9 94 99
0 18 0 18
1 37 1 5 8 22 37
0 18 0 18
9 94 9 94
1 8 1 5 8
5 6 5 6
5 42 5 6 42
1 31 1 3 31
0 16 0 16
1 25 1 5 19 25
0 18 0 18
32 78 32 78
5 80 5 8 22 37 80
1 43 1 5 6 42 43
1 81 1 5 8 22 37 81
78 86 78 86
1 74 1 4 10 32 74
18 65 18 65
4 40 4 10 40
1 15 1 5 15
0 20 0 20
20 47 20 47
5 15 5 15
9 82 9 63 82
1 73 1 73
0 16 0 16
12 70 12 70
20 28 20 28
5 6 5 6
1 49 1 3 49
5 69 5 6 42 69
16 48 16 21 48
52 54 52 54
1 43 1 5 6 42 43
4 27 4 27
0 60 0 60
1 79 1 5 6 26 79
1 59 1 3 59
1 67 1 4 67
5 15 5 15
1 55 1 11 55
1 67 1 4 67
0 13 0 2 13
0 11 0 1 11
0 3 0 1 3
0 4 0 1 4
0 1 0 1
5 79 5 6 26 79
0 1 0 1
4 74 4 10 32 74
0 1 0 1
8 22 8 22
42 44 42 44
0 20 0 20
20 47 20 47
1 34 1 5 6 24 29 34
0 1 0 1
63 91 63 82 91
1 87 1 87
5 24 5 6 24
1 23 1 5 6 23
20 47 20 47
18 33 18 33
10 61 10 32 61
1 59 1 3 59
1 10 1 4 10
66 98 66 89 98
16 57 16 57
20 88 20 68 88
0 17 0 1 5 8 17
0 31 0 1 3 31
0 19 0 1 5 19
0 32 0 1 4 10 32
16 56 16 56
1 61 1 4 10 32 61
0 1 0 1
68 84 68 84
0 4 0 1 4
1 73 1 73
0 18 0 18
0 4 0 1 4
1 54 1 3 31 52 54
2 41 2 9 41
1 69 1 5 6 42 69
18 33 18 33
16 57 16 57
0 16 0 16
3 58 3 31 58
1 46 1 5 8 17 46
16 48 16 21 48
1 89 1 5 6 39 66 89
0 1 0 1
0 34 0 1 5 6 24 29 34
0 5 0 1 5
0 6 0 1 5 6
0 8 0 1 5 8
10 77 10 14 51 77
1 5 1 5
0 16 0 16
0 32 0 1 4 10 32
17 46 17 46
2 82 2 9 63 82
1 5 1 5
16 21 16 21
20 84 20 68 84
0 13 0 2 13
68 84 68 84
0 66 0 1 5 6 39 66
1 40 1 4 10 40
0 16 0 16
5 90 5 8 17 90
0 1 0 1
0 5 0 1 5
0 37 0 1 5 8 22 37
0 89 0 1 5 6 39 66 89
1 34 1 5 6 24 29 34
4 10 4 10
16 56 16 56
0 60 0 60
20 47 20 47
1 5 1 5
1 37 1 5 8 22 37
0 1 0 1
0 93 0 1 5 6 24 29 34 93
1 97 1 5 6 83 97
0 20 0 20
5 8 5 8
1 74 1 4 10 32 74
1 10 1 4 10
20 28 20 28
0 1 0 1
19 25 19 25
8 90 8 17 90
0 3 0 1 3
0 16 0 16
1 73 1 73
1 14 1 4 10 14
32 78 32 78
5 19 5 19
0 8 0 1 5 8
0 1 0 1
1 22 1 5 8 22
0 4 0 1 4
18 33 18 33
1 5 1 5
4 40 4 10 40
18 33 18 33
0 18 0 18
20 47 20 47
0 16 0 16
6 42 6 42
42 43 42 43
0 60 0 60
0 68 0 20 68
0 1 0 1
0 42 0 1 5 6 42
0 10 0 1 4 10
1 10 1 4 10
0 18 0 18
3 31 3 31
3 64 3 31 64
21 48 21 48
0 5 0 1 5
0 63 0 2 9 63
0 4 0 1 4
1 87 1 87
0 45 0 1 5 8 36 45
5 76 5 8 17 76
1 67 1 4 67
1 27 1 4 27
20 68 20 68
20 47 20 47
16 21 16 21
0 31 0 1 3 31
20 84 20 68 84
14 77 14 51 77
2 99 2 9 94 99
13 30 13 30
0 18 0 18
6 79 6 26 79
1 46 1 5 8 17 46
5 8 5 8
16 56 16 56
0 1 0 1
0 5 0 1 5
5 6 5 6
1 86 1 4 10 32 78 86
1 8 1 5 8
4 32 4 10 32
1 42 1 5 6 42
1 40 1 4 10 40
25 85 25 85
1 5 1 5
0 1 0 1
1 4 1 4
16 48 16 21 48
20 88 20 68 88
5 36 5 8 36
0 16 0 16
0 11 0 1 11
10 61 10 32 61
1 5 1 5
1 22 1 5 8 22
10 40 10 40
66 89 66 89
4 61 4 10 32 61
1 7 1 5 7
0 1 0 1
0 21 0 16 21
5 15 5 15
20 28 20 28
1 11 1 11
0 3 0 1 3
1 6 1 5 6
16 56 16 56
0 37 0 1 5 8 22 37
5 17 5 8 17
1 69 1 5 6 42 69
1 7 1 5 7
5 15 5 15
1 74 1 4 10 32 74
0 4 0 1 4
1 97 1 5 6 83 97
1 5 1 5
0 2 0 2
0 1 0 1
5 37 5 8 22 37
0 5 0 1 5
1 87 1 87
89 98 89 98
0 1 0 1
1 4 1 4
16 38 16 38
8 22 8 22
1 42 1 5 6 42
0 1 0 1
0 60 0 60
0 25 0 1 5 19 25
1 97 1 5 6 83 97
5 44 5 6 42 44
0 12 0 1 12
0 18 0 18
1 15 1 5 15
1 32 1 4 10 32
0 1 0 1
1 74 1 4 10 32 74
6 83 6 83
0 16 0 16
5 85 5 19 25 85
16 57 16 57
1 72 1 5 19 25 72
18 33 18 33
83 97 83 97
0 6 0 1 5 6
5 72 5 19 25 72
0 16 0 16
0 36 0 1 5 8 36
0 18 0 18
1 6 1 5 6
6 42 6 42
16 38 16 38
0 68 0 20 68
0 20 0 20
1 49 1 3 49
16 56 16 56
1 55 1 11 55
1 80 1 5 8 22 37 80
0 16 0 16
4 77 4 10 14 51 77
0 13 0 2 13
0 3 0 1 3
0 37 0 1 5 8 22 37
5 72 5 19 25 72
0 18 0 18
5 37 5 8 22 37
0 1 0 1
0 5 0 1 5
1 43 1 5 6 42 43
0 26 0 1 5 6 26
0 5 0 1 5
20 84 20 68 84
31 58 31 58
0 1 0 1
0 66 0 1 5 6 39 66
0 1 0 1
9 41 9 41
0 42 0 1 5 6 42
1 42 1 5 6 42
8 76 8 17 76
6 42 6 42
0 26 0 1 5 6 26
0 5 0 1 5
0 21 0 16 21
1 49 1 3 49
1 4 1 4
1 5 1 5
1 79 1 5 6 26 79
5 8 5 8
5 76 5 8 17 76
20 47 20 47
0 60 0 60
94 99 94 99
1 71 1 12 70 71
1 7 1 5 7
0 1 0 1
1 89 1 5 6 39 66 89
1 86 1 4 10 32 78 86
0 16 0 16
16 57 16 57
0 60 0 60
0 20 0 20
5 8 5 8
1 3 1 3
0 16 0 16
0 4 0 1 4
0 20 0 20
1 46 1 5 8 17 46
1 22 1 5 8 22
16 56 16 56
0 17 0 1 5 8 17
5 15 5 15
10 86 10 32 78 86
6 83 6 83
18 65 18 65
0 11 0 1 11
3 49 3 49
5 53 5 8 53
5 8 5 8
68 88 68 88
0 3 0 1 3
0 16 0 16
0 20 0 20
6 98 6 39 66 89 98
0 3 0 1 3
0 16 0 16
1 87 1 87
1 61 1 4 10 32 61
8 80 8 22 37 80
4 77 4 10 14 51 77
0 2 0 2
0 13 0 2 13
0 2 0 2
0 52 0 1 3 31 52
1 17 1 5 8 17
1 11 1 11
18 33 18 33
16 21 16 21
0 1 0 1
1 31 1 3 31
1 46 1 5 8 17 46
20 28 20 28
1 87 1 87
1 44 1 5 6 42 44
0 25 0 1 5 19 25
0 25 0 1 5 19 25
0 68 0 20 68
0 16 0 16
1 78 1 4 10 32 78
5 98 5 6 39 66 89 98
19 62 19 62
0 8 0 1 5 8
1 37 1 5 8 22 37
0 3 0 1 3
1 31 1 3 31
1 5 1 5
5 6 5 6
0 5 0 1 5
10 61 10 32 61
0 16 0 16
0 68 0 20 68
18 33 18 33
2 41 2 9 41
0 1 0 1
0 1 0 1
1 87 1 87
0 16 0 16
0 42 0 1 5 6 42
5 7 5 7
1 54 1 3 31 52 54
1 4 1 4
19 50 19 25 50
0 5 0 1 5
10 61 10 32 61
0 4 0 1 4
1 64 1 3 31 64
0 1 0 1
18 33 18 33
2 13 2 13
0 21 0 16 21
0 16 0 16
2 13 2 13
0 21 0 16 21
0 4 0 1 4
1 17 1 5 8 17
0 4 0 1 4
4 86 4 10 32 78 86
0 8 0 1 5 8
0 5 0 1 5
0 10 0 1 4 10
16 38 16 38
0 1 0 1
16 57 16 57
0 1 0 1
0 68 0 20 68
1 31 1 3 31
1 25 1 5 19 25
18 33 18 33
0 22 0 1 5 8 22
0 16 0 16
24 93 24 29 34 93
0 4 0 1 4
5 19 5 19
0 42 0 1 5 6 42
0 5 0 1 5
0 16 0 16
0 70 0 1 12 70
0 16 0 16
0 45 0 1 5 8 36 45
0 5 0 1 5
1 87 1 87
1 5 1 5
10 40 10 40
0 68 0 20 68
31 52 31 52
0 1 0 1
14 51 14 51
1 59 1 3 59
0 4 0 1 4
0 12 0 1 12
0 10 0 1 4 10
0 63 0 2 9 63
68 88 68 88
0 60 0 60
0 17 0 1 5 8 17
5 69 5 6 42 69
0 31 0 1 3 31
5 95 5 8 36 45 95
1 73 1 73
9 99 9 94 99
3 52 3 31 52
0 1 0 1
5 89 5 6 39 66 89
70 71 70 71
0 36 0 1 5 8 36
0 4 0 1 4
1 75 1 12 70 75
0 1 0 1
0 8 0 1 5 8
0 70 0 1 12 70
1 98 1 5 6 39 66 89 98
68 88 68 88
1 42 1 5 6 42
2 9 2 9
66 89 66 89
18 65 18 65
51 77 51 77
10 32 10 32
5 25 5 19 25
10 32 10 32
1 7 1 5 7
31 64 31 64
10 74 10 32 74
5 89 5 6 39 66 89
1 5 1 5
0 60 0 60
0 70 0 1 12 70
1 12 1 12
5 22 5 8 22
5 6 5 6
1 15 1 5 15
1 19 1 5 19
1 87 1 87
0 31 0 1 3 31
16 38 16 38
1 7 1 5 7
0 25 0 1 5 19 25
1 54 1 3 31 52 54
16 38 16 38
6 83 6 83
1 4 1 4
0 60 0 60
0 1 0 1
0 1 0 1
5 80 5 8 22 37 80
2 13 2 13
68 84 68 84
0 20 0 20
1 7 1 5 7
4 10 4 10
2 99 2 9 94 99
0 20 0 20
5 79 5 6 26 79
0 22 0 1 5 8 22
20 28 20 28
2 41 2 9 41
0 45 0 1 5 8 36 45
1 19 1 5 19
0 16 0 16
0 25 0 1 5 19 25
0 20 0 20
20 28 20 28
0 1 0 1
0 1 0 1
0 1 0 1
1 5 1 5
11 55 11 55
1 32 1 4 10 32
0 21 0 16 21
6 93 6 24 29 34 93
18 65 18 65
2 13 2 13
20 84 20 68 84
0 16 0 16
18 65 18 65
0 1 0 1
0 18 0 18
5 53 5 8 53
0 1 0 1
4 61 4 10 32 61
1 74 1 4 10 32 74
1 22 1 5 8 22
8 37 8 22 37
5 98 5 6 39 66 89 98
0 6 0 1 5 6
0 18 0 18
70 75 70 75
8 46 8 17 46
1 50 1 5 19 25 50
1 70 1 12 70
0 16 0 16
5 19 5 19
2 30 2 13 30
0 1 0 1
4 27 4 27
21 48 21 48
0 1 0 1
0 18 0 18
0 5 0 1 5
5 69 5 6 42 69
10 77 10 14 51 77
5 8 5 8
2 94 2 9 94
0 5 0 1 5
0 10 0 1 4 10
0 8 0 1 5 8
93 96 93 96
9 91 9 63 82 91
11 55 11 55
0 1 0 1
0 20 0 20
4 40 4 10 40
5 72 5 19 25 72
1 3 1 3
16 57 16 57
0 1 0 1
31 64 31 64
1 73 1 73
6 24 6 24
0 16 0 16
0 4 0 1 4
1 5 1 5
0 60 0 60
1 31 1 3 31
0 18 0 18
0 45 0 1 5 8 36 45
1 40 1 4 10 40
0 3 0 1 3
5 89 5 6 39 66 89
0 10 0 1 4 10
16 38 16 38
5 50 5 19 25 50
0 20 0 20
1 70 1 12 70
0 1 0 1
0 1 0 1
1 3 1 3
1 70 1 12 70
0 18 0 18
5 25 5 19 25
0 8 0 1 5 8
37 81 37 81
1 22 1 5 8 22
18 65 18 65
1 64 1 3 31 64
0 32 0 1 4 10 32
0 4 0 1 4
0 20 0 20
3 54 3 31 52 54
1 40 1 4 10 40
68 84 68 84
1 64 1 3 31 64
0 18 0 18
0 16 0 16
1 3 1 3
0 1 0 1
11 55 11 55
6 97 6 83 97
0 3 0 1 3
1 3 1 3
0 1 0 1
0 5 0 1 5
0 20 0 20
0 26 0 1 5 6 26
5 8 5 8
0 60 0 60
78 86 78 86
0 1 0 1
36 45 36 45
0 60 0 60
5 6 5 6
13 30 13 30
0 4 0 1 4
0 3 0 1 3
1 62 1 5 19 62
0 16 0 16
68 88 68 88
0 20 0 20
0 10 0 1 4 10
1 17 1 5 8 17
0 1 0 1
0 68 0 20 68
1 5 1 5
0 16 0 16
0 68 0 20 68
1 26 1 5 6 26
0 25 0 1 5 19 25
0 18 0 18
0 13 0 2 13
0 6 0 1 5 6
0 1 0 1
66 98 66 89 98
1 77 1 4 10 14 51 77
0 5 0 1 5
1 31 1 3 31
0 5 0 1 5
1 5 1 5
0 5 0 1 5
1 5 1 5
1 12 1 12
20 68 20 68
70 71 70 71
32 61 32 61
0 9 0 2 9
1 3 1 3
0 42 0 1 5 6 42
0 18 0 18
3 58 3 31 58
16 56 16 56
5 42 5 6 42
0 3 0 1 3
10 77 10 14 51 77
5 6 5 6
0 25 0 1 5 19 25
0 9 0 2 9
1 5 1 5
0 9 0 2 9
0 10 0 1 4 10
9 82 9 63 82
0 20 0 20
1 7 1 5 7
1 4 1 4
9 91 9 63 82 91
9 82 9 63 82
6 42 6 42
1 80 1 5 8 22 37 80
1 15 1 5 15
0 16 0 16
18 33 18 33
0 66 0 1 5 6 39 66
0 1 0 1
1 19 1 5 19
0 5 0 1 5
1 32 1 4 10 32
0 4 0 1 4
1 66 1 5 6 39 66
0 4 0 1 4
8 46 8 17 46
1 87 1 87
1 10 1 4 10
66 92 66 89 92
1 73 1 73
1 31 1 3 31
0 9 0 2 9
32 74 32 74
8 17 8 17
5 7 5 7
1 31 1 3 31
6 34 6 24 29 34
0 3 0 1 3
4 32 4 10 32
1 42 1 5 6 42
1 73 1 73
0 8 0 1 5 8
1 22 1 5 8 22
29 34 29 34
0 3 0 1 3
1 3 1 3
0 3 0 1 3
39 89 39 66 89
21 48 21 48
8 80 8 22 37 80
1 5 1 5
0 68 0 20 68
0 20 0 20
1 42 1 5 6 42
0 1 0 1
0 1 0 1
0 4 0 1 4
1 69 1 5 6 42 69
0 1 0 1
0 1 0 1
0 18 0 18
0 20 0 20
0 1 0 1
1 45 1 5 8 36 45
0 45 0 1 5 8 36 45
63 91 63 82 91
0 60 0 60
0 1 0 1
25 72 25 72
0 1 0 1
20 84 20 68 84
0 1 0 1
5 42 5 6 42
0 4 0 1 4
0 5 0 1 5
39 92 39 66 89 92
1 17 1 5 8 17
16 38 16 38
0 1 0 1
0 20 0 20
1 67 1 4 67
0 42 0 1 5 6 42
1 66 1 5 6 39 66
5 6 5 6
1 23 1 5 6 23
1 22 1 5 8 22
0 60 0 60
16 56 16 56
1 74 1 4 10 32 74
0 25 0 1 5 19 25
0 1 0 1
16 56 16 56
18 65 18 65
0 3 0 1 3
0 1 0 1
0 1 0 1
5 35 5 8 22 35
0 5 0 1 5
0 20 0 20
0 10 0 1 4 10
0 42 0 1 5 6 42
1 7 1 5 7
1 35 1 5 8 22 35
1 76 1 5 8 17 76
1 19 1 5 19
1 85 1 5 19 25 85
2 99 2 9 94 99
2 91 2 9 63 82 91
1 62 1 5 19 62
1 83 1 5 6 83
1 50 1 5 19 25 50
12 75 12 70 75
20 84 20 68 84
0 5 0 1 5
0 5 0 1 5
2 30 2 13 30
16 57 16 57
0 37 0 1 5 8 22 37
0 1 0 1
1 61 1 4 10 32 61
5 89 5 6 39 66 89
1 10 1 4 10
39 92 39 66 89 92
0 20 0 20
0 60 0 60
20 47 20 47
9 82 9 63 82
0 60 0 60
1 25 1 5 19 25
9 41 9 41
0 18 0 18
0 3 0 1 3
0 18 0 18
20 68 20 68
5 19 5 19
9 91 9 63 82 91
16 56 16 56
0 5 0 1 5
5 7 5 7
5 90 5 8 17 90
0 1 0 1
0 6 0 1 5 6
63 82 63 82
16 38 16 38
3 58 3 31 58
0 16 0 16
1 8 1 5 8
0 13 0 2 13
1 71 1 12 70 71
20 28 20 28
0 3 0 1 3
0 1 0 1
0 60 0 60
0 60 0 60
1 43 1 5 6 42 43
0 6 0 1 5 6
19 62 19 62
1 10 1 4 10
1 32 1 4 10 32
20 47 20 47
20 47 20 47
6 42 6 42
0 13 0 2 13
0 18 0 18
1 22 1 5 8 22
2 9 2 9
0 3 0 1 3
0 6 0 1 5 6
1 71 1 12 70 71
1 24 1 5 6 24
0 22 0 1 5 8 22
0 18 0 18
1 90 1 5 8 17 90
0 6 0 1 5 6
68 84 68 84
18 33 18 33
0 68 0 20 68
5 15 5 15
1 37 1 5 8 22 37
4 67 4 67
0 4 0 1 4
1 98 1 5 6 39 66 89 98
0 89 0 1 5 6 39 66 89
10 32 10 32
5 34 5 6 24 29 34
0 52 0 1 3 31 52
20 68 20 68
0 1 0 1
1 35 1 5 8 22 35
1 73 1 73
31 52 31 52
10 86 10 32 78 86
1 31 1 3 31
1 14 1 4 10 14
0 26 0 1 5 6 26
0 25 0 1 5 19 25
0 3 0 1 3
1 32 1 4 10 32
0 4 0 1 4
1 54 1 3 31 52 54
3 58 3 31 58
0 21 0 16 21
0 45 0 1 5 8 36 45
5 19 5 19
0 6 0 1 5 6
0 60 0 60
5 15 5 15
0 1 0 1
5 62 5 19 62
0 16 0 16
16 57 16 57
1 15 1 5 15
31 58 31 58
16 56 16 56
20 88 20 68 88
16 38 16 38
2 99 2 9 94 99
0 89 0 1 5 6 39 66 89
1 19 1 5 19
0 1 0 1
0 1 0 1
68 84 68 84
5 6 5 6
1 70 1 12 70
2 30 2 13 30
2 82 2 9 63 82
0 16 0 16
1 96 1 5 6 24 29 34 93 96
0 1 0 1
5 43 5 6 42 43
1 11 1 11
0 68 0 20 68
1 80 1 5 8 22 37 80
0 1 0 1
0 60 0 60
6 98 6 39 66 89 98
2 13 2 13
0 1 0 1
0 20 0 20
11 55 11 55
70 71 70 71
0 1 0 1
25 72 25 72
94 99 94 99
0 5 0 1 5
20 47 20 47
8 35 8 22 35
0 60 0 60
1 5 1 5
1 42 1 5 6 42
10 77 10 14 51 77
5 39 5 6 39
0 16 0 16
1 73 1 73
0 1 0 1
0 1 0 1
0 5 0 1 5
0 5 0 1 5
10 61 10 32 61
0 1 0 1
0 4 0 1 4
0 4 0 1 4
6 92 6 39 66 89 92
1 5 1 5
16 48 16 21 48
3 58 3 31 58
1 37 1 5 8 22 37
1 55 1 11 55
5 25 5 19 25
0 5 0 1 5
16 38 16 38
1 14 1 4 10 14
1 67 1 4 67
5 95 5 8 36 45 95
1 89 1 5 6 39 66 89
0 60 0 60
5 92 5 6 39 66 89 92
0 13 0 2 13
0 5 0 1 5
18 65 18 65
0 1 0 1
0 4 0 1 4
0 3 0 1 3
5 37 5 8 22 37
4 27 4 27
3 59 3 59
4 86 4 10 32 78 86
5 44 5 6 42 44
0 17 0 1 5 8 17
1 42 1 5 6 42
5 17 5 8 17
0 3 0 1 3
0 1 0 1
20 28 20 28
0 6 0 1 5 6
66 89 66 89
0 20 0 20
0 60 0 60
1 49 1 3 49
0 4 0 1 4
1 5 1 5
11 55 11 55
20 28 20 28
5 22 5 8 22
0 16 0 16
66 92 66 89 92
0 1 0 1
0 5 0 1 5
3 49 3 49
1 8 1 5 8
0 20 0 20
0 4 0 1 4
0 9 0 2 9
0 16 0 16
0 1 0 1
1 5 1 5
0 70 0 1 12 70
5 6 5 6
0 22 0 1 5 8 22
1 17 1 5 8 17
16 48 16 21 48
1 73 1 73
0 19 0 1 5 19
0 19 0 1 5 19
4 86 4 10 32 78 86
5 42 5 6 42
1 50 1 5 19 25 50
3 64 3 31 64
5 7 5 7
3 49 3 49
32 74 32 74
0 4 0 1 4
20 88 20 68 88
11 55 11 55
1 10 1 4 10
2 30 2 13 30
31 58 31 58
1 70 1 12 70
16 38 16 38
0 37 0 1 5 8 22 37
5 46 5 8 17 46
16 38 16 38
1 8 1 5 8
0 60 0 60
3 58 3 31 58
5 7 5 7
0 31 0 1 3 31
0 60 0 60
0 68 0 20 68
5 8 5 8
1 5 1 5
0 4 0 1 4
1 5 1 5
0 3 0 1 3
4 40 4 10 40
0 60 0 60
94 99 94 99
16 56 16 56
3 49 3 49
20 28 20 28
0 17 0 1 5 8 17
0 31 0 1 3 31
1 3 1 3
0 20 0 20
1 27 1 4 27
1 85 1 5 19 25 85
0 16 0 16
1 37 1 5 8 22 37
1 4 1 4
1 3 1 3
4 10 4 10
0 1 0 1
20 68 20 68
1 44 1 5 6 42 44
1 5 1 5
1 5 1 5
1 8 1 5 8
9 94 9 94
5 8 5 8
9 41 9 41
1 62 1 5 19 62
1 61 1 4 10 32 61
10 74 10 32 74
3 31 3 31
1 98 1 5 6 39 66 89 98
0 20 0 20
1 31 1 3 31
8 17 8 17
18 33 18 33
20 28 20 28
8 53 8 53
1 62 1 5 19 62
1 25 1 5 19 25
1 3 1 3
2 63 2 9 63
1 27 1 4 27
1 4 1 4
1 71 1 12 70 71
1 5 1 5
8 80 8 22 37 80
16 57 16 57
17 76 17 76
0 20 0 20
4 67 4 67
0 20 0 20
0 1 0 1
1 5 1 5
1 23 1 5 6 23
0 32 0 1 4 10 32
0 1 0 1
1 42 1 5 6 42
1 5 1 5
16 56 16 56
5 8 5 8
1 5 1 5
0 4 0 1 4
0 70 0 1 12 70
0 5 0 1 5
1 43 1 5 6 42 43
5 79 5 6 26 79
20 28 20 28
0 20 0 20
0 18 0 18
0 1 0 1
0 2 0 2
0 1 0 1
1 89 1 5 6 39 66 89
63 91 63 82 91
0 2 0 2
0 12 0 1 12
0 1 0 1
0 9 0 2 9
4 32 4 10 32
36 45 36 45
0 16 0 16
5 80 5 8 22 37 80
3 31 3 31
0 37 0 1 5 8 22 37
68 84 68 84
5 62 5 19 62
0 4 0 1 4
0 16 0 16
1 10 1 4 10
0 16 0 16
1 49 1 3 49
18 33 18 33
0 5 0 1 5
1 32 1 4 10 32
12 71 12 70 71
0 2 0 2
1 67 1 4 67
0 1 0 1
0 94 0 2 9 94
5 6 5 6
2 91 2 9 63 82 91
20 84 20 68 84
1 22 1 5 8 22
0 60 0 60
0 3 0 1 3
0 1 0 1
1 6 1 5 6
9 94 9 94
0 1 0 1
0 5 0 1 5
0 16 0 16
1 87 1 87
0 68 0 20 68
5 37 5 8 22 37
1 10 1 4 10
0 8 0 1 5 8
5 53 5 8 53
10 32 10 32
0 1 0 1
0 5 0 1 5
18 65 18 65
0 82 0 2 9 63 82
0 6 0 1 5 6
18 65 18 65
18 33 18 33
1 17 1 5 8 17
9 99 9 94 99
16 21 16 21
1 32 1 4 10 32
3 64 3 31 64
1 15 1 5 15
5 15 5 15
16 48 16 21 48
1 40 1 4 10 40
1 5 1 5
1 53 1 5 8 53
16 57 16 57
1 67 1 4 67
0 17 0 1 5 8 17
1 72 1 5 19 25 72
20 28 20 28
0 32 0 1 4 10 32
0 16 0 16
0 20 0 20
1 5 1 5
1 80 1 5 8 22 37 80
0 1 0 1
1 79 1 5 6 26 79
1 15 1 5 15
8 76 8 17 76
20 88 20 68 88
1 7 1 5 7
52 54 52 54
1 19 1 5 19
18 65 18 65
1 92 1 5 6 39 66 89 92
0 20 0 20
9 82 9 63 82
1 73 1 73
0 5 0 1 5
2 30 2 13 30
0 51 0 1 4 10 14 51
0 68 0 20 68
1 53 1 5 8 53
1 15 1 5 15
1 80 1 5 8 22 37 80
0 20 0 20
19 25 19 25
0 16 0 16
0 5 0 1 5
12 75 12 70 75
5 72 5 19 25 72
5 50 5 19 25 50
5 8 5 8
1 50 1 5 19 25 50
0 1 0 1
1 6 1 5 6
10 61 10 32 61
0 21 0 16 21
1 11 1 11
1 5 1 5
0 2 0 2
1 31 1 3 31
0 2 0 2
68 88 68 88
0 5 0 1 5
5 15 5 15
0 17 0 1 5 8 17
1 31 1 3 31
1 75 1 12 70 75
5 42 5 6 42
2 9 2 9
0 13 0 2 13
0 14 0 1 4 10 14
5 7 5 7
16 57 16 57
0 36 0 1 5 8 36
3 31 3 31
0 70 0 1 12 70
0 45 0 1 5 8 36 45
16 48 16 21 48
16 56 16 56
1 71 1 12 70 71
20 28 20 28
39 89 39 66 89
0 60 0 60
0 6 0 1 5 6
0 3 0 1 3
0 19 0 1 5 19
1 6 1 5 6
1 4 1 4
1 5 1 5
16 57 16 57
0 4 0 1 4
1 86 1 4 10 32 78 86
1 5 1 5
0 36 0 1 5 8 36
20 84 20 68 84
0 18 0 18
0 93 0 1 5 6 24 29 34 93
70 75 70 75
0 94 0 2 9 94
20 28 20 28
1 26 1 5 6 26
1 10 1 4 10
2 99 2 9 94 99
0 16 0 16
0 16 0 16
0 5 0 1 5
1 86 1 4 10 32 78 86
1 45 1 5 8 36 45
0 5 0 1 5
1 92 1 5 6 39 66 89 92
0 6 0 1 5 6
0 1 0 1
1 55 1 11 55
1 51 1 4 10 14 51
0 18 0 18
5 89 5 6 39 66 89
0 18 0 18
9 99 9 94 99
0 4 0 1 4
0 8 0 1 5 8
3 31 3 31
1 6 1 5 6
22 37 22 37
4 61 4 10 32 61
8 37 8 22 37
6 69 6 42 69
5 42 5 6 42
1 46 1 5 8 17 46
1 40 1 4 10 40
1 51 1 4 10 14 51
20 84 20 68 84
1 5 1 5
3 49 3 49
1 3 1 3
16 57 16 57
0 3 0 1 3
0 6 0 1 5 6
6 44 6 42 44
1 5 1 5
0 18 0 18
1 42 1 5 6 42
22 80 22 37 80
5 42 5 6 42
1 75 1 12 70 75
1 70 1 12 70
20 88 20 68 88
20 28 20 28
1 27 1 4 27
14 77 14 51 77
0 3 0 1 3
1 32 1 4 10 32
0 32 0 1 4 10 32
0 1 0 1
0 8 0 1 5 8
0 3 0 1 3
5 80 5 8 22 37 80
1 10 1 4 10
0 8 0 1 5 8
3 52 3 31 52
6 44 6 42 44
5 79 5 6 26 79
0 16 0 16
3 49 3 49
1 81 1 5 8 22 37 81
0 4 0 1 4
5 6 5 6
1 8 1 5 8
0 83 0 1 5 6 83
0 52 0 1 3 31 52
3 58 3 31 58
0 3 0 1 3
5 36 5 8 36
66 98 66 89 98
0 37 0 1 5 8 22 37
0 1 0 1
0 31 0 1 3 31
0 1 0 1
4 32 4 10 32
0 42 0 1 5 6 42
1 5 1 5
1 58 1 3 31 58
0 5 0 1 5
0 19 0 1 5 19
0 18 0 18
1 40 1 4 10 40
0 32 0 1 4 10 32
2 9 2 9
3 59 3 59
20 68 20 68
4 10 4 10
20 84 20 68 84
1 4 1 4
5 46 5 8 17 46
0 70 0 1 12 70
0 1 0 1
0 5 0 1 5
0 10 0 1 4 10
0 2 0 2
0 26 0 1 5 6 26
94 99 94 99
0 12 0 1 12
39 66 39 66
0 37 0 1 5 8 22 37
0 4 0 1 4
0 12 0 1 12
0 19 0 1 5 19
1 4 1 4
5 42 5 6 42
13 30 13 30
0 17 0 1 5 8 17
0 18 0 18
18 65 18 65
1 46 1 5 8 17 46
36 95 36 45 95
0 8 0 1 5 8
5 42 5 6 42
0 14 0 1 4 10 14
1 73 1 73
5 8 5 8
0 5 0 1 5
1 17 1 5 8 17
1 74 1 4 10 32 74
0 78 0 1 4 10 32 78
0 68 0 20 68
0 3 0 1 3
0 16 0 16
0 68 0 20 68
0 20 0 20
31 64 31 64
5 22 5 8 22
1 52 1 3 31 52
1 27 1 4 27
1 31 1 3 31
5 8 5 8
2 41 2 9 41
0 89 0 1 5 6 39 66 89
20 68 20 68
0 20 0 20
3 59 3 59
1 27 1 4 27
0 25 0 1 5 19 25
1 27 1 4 27
8 95 8 36 45 95
0 2 0 2
0 1 0 1
0 18 0 18
0 52 0 1 3 31 52
1 53 1 5 8 53
0 89 0 1 5 6 39 66 89
0 20 0 20
0 1 0 1
1 27 1 4 27
1 29 1 5 6 24 29
32 61 32 61
19 25 19 25
1 64 1 3 31 64
5 37 5 8 22 37
18 65 18 65
0 45 0 1 5 8 36 45
22 35 22 35
0 8 0 1 5 8
1 90 1 5 8 17 90
1 4 1 4
0 1 0 1
1 74 1 4 10 32 74
0 5 0 1 5
0 60 0 60
0 31 0 1 3 31
5 15 5 15
2 9 2 9
1 43 1 5 6 42 43
52 54 52 54
0 12 0 1 12
0 3 0 1 3
2 30 2 13 30
0 3 0 1 3
0 5 0 1 5
0 1 0 1
16 57 16 57
8 81 8 22 37 81
19 85 19 25 85
1 42 1 5 6 42
1 43 1 5 6 42 43
0 1 0 1
5 25 5 19 25
20 84 20 68 84
0 1 0 1
5 69 5 6 42 69
1 44 1 5 6 42 44
16 38 16 38
0 21 0 16 21
1 67 1 4 67
0 5 0 1 5
1 23 1 5 6 23
20 47 20 47
5 42 5 6 42
2 9 2 9
0 6 0 1 5 6
5 79 5 6 26 79
16 48 16 21 48
42 44 42 44
0 60 0 60
1 3 1 3
31 64 31 64
2 13 2 13
0 3 0 1 3
0 16 0 16
1 50 1 5 19 25 50
0 4 0 1 4
5 37 5 8 22 37
21 48 21 48
18 33 18 33
0 5 0 1 5
0 10 0 1 4 10
16 38 16 38
18 33 18 33
5 42 5 6 42
3 59 3 59
1 59 1 3 59
0 1 0 1
82 91 82 91
0 1 0 1
0 6 0 1 5 6
20 84 20 68 84
0 1 0 1
29 34 29 34
0 6 0 1 5 6
18 33 18 33
5 42 5 6 42
0 3 0 1 3
1 59 1 3 59
0 1 0 1
4 61 4 10 32 61
18 33 18 33
0 60 0 60
1 5 1 5
0 9 0 2 9
68 84 68 84
0 5 0 1 5
0 20 0 20
1 15 1 5 15
0 60 0 60
0 68 0 20 68
0 5 0 1 5
0 66 0 1 5 6 39 66
0 60 0 60
2 99 2 9 94 99
31 58 31 58
3 31 3 31
3 52 3 31 52
18 33 18 33
5 62 5 19 62
0 68 0 20 68
1 86 1 4 10 32 78 86
18 65 18 65
0 1 0 1
94 99 94 99
18 33 18 33
0 66 0 1 5 6 39 66
1 46 1 5 8 17 46
16 57 16 57
0 60 0 60
1 70 1 12 70
68 88 68 88
1 44 1 5 6 42 44
6 93 6 24 29 34 93
16 57 16 57
1 5 1 5
0 13 0 2 13
1 49 1 3 49
1 7 1 5 7
5 39 5 6 39
6 23 6 23
8 95 8 36 45 95
0 19 0 1 5 19
20 88 20 68 88
5 50 5 19 25 50
0 60 0 60
0 8 0 1 5 8
0 20 0 20
0 60 0 60
0 60 0 60
20 88 20 68 88
12 70 12 70
0 16 0 16
0 45 0 1 5 8 36 45
5 15 5 15
1 75 1 12 70 75
5 79 5 6 26 79
5 8 5 8
0 1 0 1
89 92 89 92
1 10 1 4 10
0 13 0 2 13
5 37 5 8 22 37
1 49 1 3 49
0 31 0 1 3 31
37 80 37 80
0 11 0 1 11
5 53 5 8 53
1 5 1 5
0 32 0 1 4 10 32
0 1 0 1
3 31 3 31
10 32 10 32
0 16 0 16
0 19 0 1 5 19
10 77 10 14 51 77
0 6 0 1 5 6
1 53 1 5 8 53
0 9 0 2 9
68 84 68 84
18 33 18 33
14 51 14 51
1 53 1 5 8 53
1 87 1 87
1 15 1 5 15
1 8 1 5 8
20 88 20 68 88
0 1 0 1
12 75 12 70 75
1 10 1 4 10
20 47 20 47
0 5 0 1 5
0 4 0 1 4
1 5 1 5
4 32 4 10 32
1 78 1 4 10 32 78
1 3 1 3
1 70 1 12 70
0 21 0 16 21
2 13 2 13
1 59 1 3 59
1 5 1 5
0 9 0 2 9
22 80 22 37 80
0 82 0 2 9 63 82
1 5 1 5
20 47 20 47
0 19 0 1 5 19
0 1 0 1
0 42 0 1 5 6 42
1 17 1 5 8 17
1 58 1 3 31 58
0 70 0 1 12 70
0 5 0 1 5
4 27 4 27
0 1 0 1
0 94 0 2 9 94
1 67 1 4 67
18 65 18 65
0 31 0 1 3 31
5 25 5 19 25
0 25 0 1 5 19 25
0 10 0 1 4 10
1 46 1 5 8 17 46
1 6 1 5 6
1 27 1 4 27
0 19 0 1 5 19
0 1 0 1
1 3 1 3
5 6 5 6
0 12 0 1 12
1 17 1 5 8 17
0 31 0 1 3 31
0 70 0 1 12 70
0 42 0 1 5 6 42
1 7 1 5 7
1 87 1 87
16 48 16 21 48
0 6 0 1 5 6
0 8 0 1 5 8
42 44 42 44
1 5 1 5
0 10 0 1 4 10
5 53 5 8 53
0 9 0 2 9
0 20 0 20
0 18 0 18
0 1 0 1
0 1 0 1
1 52 1 3 31 52
1 7 1 5 7
2 9 2 9
8 95 8 36 45 95
16 21 16 21
1 27 1 4 27
2 99 2 9 94 99
20 88 20 68 88
0 8 0 1 5 8
0 10 0 1 4 10
4 10 4 10
1 10 1 4 10
1 55 1 11 55
8 22 8 22
1 92 1 5 6 39 66 89 92
0 25 0 1 5 19 25
0 10 0 1 4 10
0 31 0 1 3 31
0 5 0 1 5
1 76 1 5 8 17 76
0 1 0 1
0 20 0 20
22 35 22 35
5 44 5 6 42 44
0 4 0 1 4
0 5 0 1 5
0 18 0 18
0 9 0 2 9
0 68 0 20 68
0 68 0 20 68
20 84 20 68 84
0 2 0 2
1 3 1 3
0 8 0 1 5 8
0 52 0 1 3 31 52
0 1 0 1
0 60 0 60
12 70 12 70
0 4 0 1 4
10 32 10 32
0 1 0 1
17 76 17 76
0 37 0 1 5 8 22 37
0 16 0 16
12 70 12 70
29 96 29 34 93 96
0 18 0 18
0 21 0 16 21
6 39 6 39
0 21 0 16 21
70 75 70 75
1 70 1 12 70
1 64 1 3 31 64
16 38 16 38
16 38 16 38
20 68 20 68
3 31 3 31
0 5 0 1 5
16 56 16 56
1 53 1 5 8 53
5 6 5 6
0 1 0 1
6 97 6 83 97
9 63 9 63
1 49 1 3 49
1 71 1 12 70 71
0 1 0 1
1 44 1 5 6 42 44
0 1 0 1
5 62 5 19 62
2 13 2 13
0 51 0 1 4 10 14 51
0 20 0 20
0 10 0 1 4 10
1 11 1 11
0 8 0 1 5 8
0 9 0 2 9
18 65 18 65
8 17 8 17
0 60 0 60
0 1 0 1
1 55 1 11 55
0 1 0 1
0 34 0 1 5 6 24 29 34
1 5 1 5
39 89 39 66 89
1 5 1 5
3 49 3 49
16 38 16 38
0 60 0 60
82 91 82 91
83 97 83 97
0 1 0 1
2 9 2 9
20 88 20 68 88
2 99 2 9 94 99
16 21 16 21
0 1 0 1
16 38 16 38
0 1 0 1
0 12 0 1 12
18 65 18 65
0 1 0 1
12 70 12 70
0 18 0 18
16 57 16 57
0 78 0 1 4 10 32 78
0 26 0 1 5 6 26
0 18 0 18
0 13 0 2 13
0 16 0 16
5 6 5 6
1 79 1 5 6 26 79
0 37 0 1 5 8 22 37
0 5 0 1 5
5 35 5 8 22 35
32 86 32 78 86
2 99 2 9 94 99
1 52 1 3 31 52
0 37 0 1 5 8 22 37
1 26 1 5 6 26
1 15 1 5 15
1 53 1 5 8 53
1 53 1 5 8 53
0 2 0 2
0 5 0 1 5
1 69 1 5 6 42 69
1 19 1 5 19
0 1 0 1
1 80 1 5 8 22 37 80
42 44 42 44
9 41 9 41
5 85 5 19 25 85
0 16 0 16
1 53 1 5 8 53
5 6 5 6
4 27 4 27
20 68 20 68
0 18 0 18
1 71 1 12 70 71
26 79 26 79
16 48 16 21 48
0 10 0 1 4 10
0 32 0 1 4 10 32
16 38 16 38
1 5 1 5
1 5 1 5
5 79 5 6 26 79
1 58 1 3 31 58
0 6 0 1 5 6
0 11 0 1 11
1 46 1 5 8 17 46
3 59 3 59
68 84 68 84
31 52 31 52
0 18 0 18
9 41 9 41
16 56 16 56
0 1 0 1
8 53 8 53
0 82 0 2 9 63 82
0 5 0 1 5
0 20 0 20
1 73 1 73
0 1 0 1
1 22 1 5 8 22
4 51 4 10 14 51
0 68 0 20 68
0 5 0 1 5
0 1 0 1
1 6 1 5 6
8 46 8 17 46
0 4 0 1 4
1 53 1 5 8 53
0 5 0 1 5
0 1 0 1
0 1 0 1
0 6 0 1 5 6
16 38 16 38
8 37 8 22 37
1 6 1 5 6
1 5 1 5
1 45 1 5 8 36 45
0 1 0 1
1 37 1 5 8 22 37
0 20 0 20
1 59 1 3 59
0 1 0 1
1 64 1 3 31 64
20 88 20 68 88
0 16 0 16
1 8 1 5 8
0 13 0 2 13
8 17 8 17
1 5 1 5
18 65 18 65
16 56 16 56
24 29 24 29
5 81 5 8 22 37 81
0 8 0 1 5 8
0 1 0 1
0 5 0 1 5
34 96 34 93 96
20 28 20 28
10 86 10 32 78 86
0 5 0 1 5
16 56 16 56
70 75 70 75
20 88 20 68 88
1 54 1 3 31 52 54
8 53 8 53
1 55 1 11 55
8 53 8 53
18 33 18 33
1 67 1 4 67
0 60 0 60
5 66 5 6 39 66
1 83 1 5 6 83
34 96 34 93 96
6 44 6 42 44
1 69 1 5 6 42 69
5 22 5 8 22
10 14 10 14
0 16 0 16
1 67 1 4 67
0 4 0 1 4
0 1 0 1
9 41 9 41
0 1 0 1
0 17 0 1 5 8 17
1 44 1 5 6 42 44
2 9 2 9
0 1 0 1
5 97 5 6 83 97
20 28 20 28
4 40 4 10 40
1 78 1 4 10 32 78
0 17 0 1 5 8 17
0 31 0 1 3 31
5 8 5 8
1 7 1 5 7
5 8 5 8
0 6 0 1 5 6
0 16 0 16
5 25 5 19 25
1 87 1 87
0 1 0 1
1 8 1 5 8
3 31 3 31
0 32 0 1 4 10 32
16 38 16 38
1 93 1 5 6 24 29 34 93
0 5 0 1 5
3 59 3 59
5 62 5 19 62
1 5 1 5
5 44 5 6 42 44
0 52 0 1 3 31 52
0 20 0 20
0 5 0 1 5
1 53 1 5 8 53
1 59 1 3 59
0 18 0 18
0 2 0 2
5 76 5 8 17 76
4 40 4 10 40
68 84 68 84
0 60 0 60
1 3 1 3
0 19 0 1 5 19
20 68 20 68
0 2 0 2
0 4 0 1 4
4 10 4 10
20 47 20 47
8 22 8 22
0 16 0 16
5 45 5 8 36 45
16 38 16 38
1 35 1 5 8 22 35
1 71 1 12 70 71
5 17 5 8 17
1 5 1 5
1 6 1 5 6
2 9 2 9
2 94 2 9 94
0 5 0 1 5
1 22 1 5 8 22
0 52 0 1 3 31 52
0 5 0 1 5
0 14 0 1 4 10 14
0 4 0 1 4
20 28 20 28
2 63 2 9 63
0 37 0 1 5 8 22 37
6 42 6 42
0 1 0 1
1 8 1 5 8
16 56 16 56
1 46 1 5 8 17 46
0 5 0 1 5
0 5 0 1 5
6 44 6 42 44
1 58 1 3 31 58
1 23 1 5 6 23
6 44 6 42 44
94 99 94 99
0 3 0 1 3
0 13 0 2 13
1 4 1 4
1 5 1 5
0 89 0 1 5 6 39 66 89
0 31 0 1 3 31
1 5 1 5
1 67 1 4 67
0 25 0 1 5 19 25
1 64 1 3 31 64
1 79 1 5 6 26 79
2 9 2 9
5 8 5 8
0 9 0 2 9
1 27 1 4 27
1 75 1 12 70 75
2 99 2 9 94 99
0 6 0 1 5 6
1 27 1 4 27
20 47 20 47
4 40 4 10 40
0 94 0 2 9 94
0 10 0 1 4 10
6 93 6 24 29 34 93
1 76 1 5 8 17 76
5 69 5 6 42 69
0 18 0 18
0 68 0 20 68
0 16 0 16
5 22 5 8 22
13 30 13 30
1 8 1 5 8
93 96 93 96
0 16 0 16
3 59 3 59
1 55 1 11 55
0 8 0 1 5 8
9 41 9 41
20 88 20 68 88
0 5 0 1 5
0 45 0 1 5 8 36 45
0 36 0 1 5 8 36
5 72 5 19 25 72
0 1 0 1
0 1 0 1
82 91 82 91
0 42 0 1 5 6 42
0 8 0 1 5 8
8 53 8 53
1 73 1 73
0 70 0 1 12 70
0 6 0 1 5 6
0 42 0 1 5 6 42
0 18 0 18
4 74 4 10 32 74
16 56 16 56
8 45 8 36 45
1 53 1 5 8 53
5 19 5 19
0 13 0 2 13
0 1 0 1
1 8 1 5 8
0 4 0 1 4
0 18 0 18
29 96 29 34 93 96
5 62 5 19 62
0 20 0 20
16 56 16 56
1 98 1 5 6 39 66 89 98
1 53 1 5 8 53
0 82 0 2 9 63 82
0 3 0 1 3
0 10 0 1 4 10
0 1 0 1
68 88 68 88
5 29 5 6 24 29
22 80 22 37 80
5 36 5 8 36
0 16 0 16
10 32 10 32
1 81 1 5 8 22 37 81
0 16 0 16
1 58 1 3 31 58
8 76 8 17 76
0 1 0 1
0 20 0 20
13 30 13 30
0 5 0 1 5
0 5 0 1 5
12 70 12 70
0 19 0 1 5 19
20 88 20 68 88
0 5 0 1 5
0 42 0 1 5 6 42
0 1 0 1
5 72 5 19 25 72
5 35 5 8 22 35
9 41 9 41
0 1 0 1
0 89 0 1 5 6 39 66 89
5 72 5 19 25 72
0 20 0 20
0 1 0 1
4 40 4 10 40
1 3 1 3
2 30 2 13 30
70 71 70 71
0 4 0 1 4
1 8 1 5 8
16 57 16 57
70 71 70 71
5 37 5 8 22 37
20 28 20 28
0 1 0 1
1 73 1 73
0 4 0 1 4
0 1 0 1
0 20 0 20
19 85 19 25 85
0 18 0 18
0 45 0 1 5 8 36 45
0 6 0 1 5 6
0 24 0 1 5 6 24
2 41 2 9 41
0 18 0 18
20 28 20 28
5 8 5 8
3 52 3 31 52
1 89 1 5 6 39 66 89
0 1 0 1
42 44 42 44
0 1 0 1
0 8 0 1 5 8
1 53 1 5 8 53
1 44 1 5 6 42 44
0 13 0 2 13
1 58 1 3 31 58
1 75 1 12 70 75
1 98 1 5 6 39 66 89 98
1 42 1 5 6 42
16 48 16 21 48
66 92 66 89 92
6 43 6 42 43
2 94 2 9 94
1 78 1 4 10 32 78
0 20 0 20
1 69 1 5 6 42 69
12 75 12 70 75
8 81 8 22 37 81
6 89 6 39 66 89
0 3 0 1 3
1 49 1 3 49
20 28 20 28
20 47 20 47
1 4 1 4
4 10 4 10
9 41 9 41
0 39 0 1 5 6 39
32 86 32 78 86
0 8 0 1 5 8
16 38 16 38
4 32 4 10 32
1 3 1 3
1 79 1 5 6 26 79
3 49 3 49
1 69 1 5 6 42 69
4 67 4 67
22 37 22 37
0 3 0 1 3
20 84 20 68 84
0 4 0 1 4
12 70 12 70
1 85 1 5 19 25 85
0 29 0 1 5 6 24 29
0 18 0 18
1 27 1 4 27
0 5 0 1 5
1 42 1 5 6 42
20 28 20 28
0 60 0 60
20 28 20 28
1 3 1 3
20 88 20 68 88
0 20 0 20
1 87 1 87
1 52 1 3 31 52
0 94 0 2 9 94
6 69 6 42 69
0 16 0 16
5 81 5 8 22 37 81
1 10 1 4 10
0 1 0 1
0 25 0 1 5 19 25
0 18 0 18
20 28 20 28
0 60 0 60
0 31 0 1 3 31
0 1 0 1
10 14 10 14
1 97 1 5 6 83 97
0 1 0 1
2 30 2 13 30
0 22 0 1 5 8 22
0 39 0 1 5 6 39
5 37 5 8 22 37
0 1 0 1
0 60 0 60
0 22 0 1 5 8 22
1 78 1 4 10 32 78
5 81 5 8 22 37 81
5 6 5 6
4 67 4 67
2 30 2 13 30
0 42 0 1 5 6 42
24 96 24 29 34 93 96
9 99 9 94 99
0 5 0 1 5
1 5 1 5
0 6 0 1 5 6
0 60 0 60
9 94 9 94
0 82 0 2 9 63 82
1 87 1 87
1 76 1 5 8 17 76
10 14 10 14
0 5 0 1 5
10 32 10 32
16 48 16 21 48
22 37 22 37
16 56 16 56
0 21 0 16 21
0 1 0 1
20 28 20 28
0 19 0 1 5 19
1 72 1 5 19 25 72
6 23 6 23
6 83 6 83
42 69 42 69
20 28 20 28
16 38 16 38
0 31 0 1 3 31
1 87 1 87
5 7 5 7
5 92 5 6 39 66 89 92
3 59 3 59
0 1 0 1
0 6 0 1 5 6
3 59 3 59
1 40 1 4 10 40
25 50 25 50
68 88 68 88
1 75 1 12 70 75
1 5 1 5
1 73 1 73
70 71 70 71
0 68 0 20 68
1 5 1 5
2 99 2 9 94 99
0 1 0 1
0 24 0 1 5 6 24
1 87 1 87
0 29 0 1 5 6 24 29
1 6 1 5 6
20 28 20 28
16 48 16 21 48
0 1 0 1
1 5 1 5
9 63 9 63
0 3 0 1 3
5 79 5 6 26 79
0 1 0 1
1 79 1 5 6 26 79
0 1 0 1
0 51 0 1 4 10 14 51
5 39 5 6 39
1 31 1 3 31
68 88 68 88
1 5 1 5
0 16 0 16
1 5 1 5
2 99 2 9 94 99
0 2 0 2
5 96 5 6 24 29 34 93 96
0 16 0 16
1 42 1 5 6 42
0 22 0 1 5 8 22
0 12 0 1 12
1 4 1 4
0 1 0 1
5 72 5 19 25 72
3 31 3 31
6 23 6 23
20 47 20 47
1 97 1 5 6 83 97
0 18 0 18
0 5 0 1 5
1 89 1 5 6 39 66 89
1 5 1 5
0 94 0 2 9 94
0 1 0 1
16 38 16 38
0 1 0 1
6 23 6 23
5 15 5 15
6 44 6 42 44
0 6 0 1 5 6
16 48 16 21 48
1 4 1 4
9 94 9 94
0 1 0 1
1 12 1 12
19 62 19 62
1 97 1 5 6 83 97
0 1 0 1
5 45 5 8 36 45
5 42 5 6 42
1 87 1 87
1 11 1 11
37 81 37 81
6 42 6 42
0 1 0 1
5 8 5 8
0 37 0 1 5 8 22 37
4 67 4 67
0 20 0 20
5 17 5 8 17
0 6 0 1 5 6
10 32 10 32
0 5 0 1 5
6 97 6 83 97
1 78 1 4 10 32 78
1 70 1 12 70
1 64 1 3 31 64
0 1 0 1
0 26 0 1 5 6 26
3 58 3 31 58
1 4 1 4
0 1 0 1
0 5 0 1 5
1 5 1 5
0 18 0 18
5 89 5 6 39 66 89
1 70 1 12 70
0 3 0 1 3
8 45 8 36 45
0 16 0 16
1 59 1 3 59
1 45 1 5 8 36 45
0 13 0 2 13
0 1 0 1
1 58 1 3 31 58
26 79 26 79
5 62 5 19 62
4 40 4 10 40
1 36 1 5 8 36
1 87 1 87
0 16 0 16
0 16 0 16
1 6 1 5 6
0 25 0 1 5 19 25
5 44 5 6 42 44
16 57 16 57
0 10 0 1 4 10
0 3 0 1 3
0 2 0 2
20 47 20 47
3 59 3 59
20 28 20 28
0 1 0 1
5 22 5 8 22
2 41 2 9 41
20 47 20 47
1 93 1 5 6 24 29 34 93
0 8 0 1 5 8
0 17 0 1 5 8 17
1 87 1 87
0 9 0 2 9
1 50 1 5 19 25 50
6 24 6 24
1 35 1 5 8 22 35
1 87 1 87
68 84 68 84
0 1 0 1
5 8 5 8
5 6 5 6
0 18 0 18
0 18 0 18
10 32 10 32
63 82 63 82
0 1 0 1
0 11 0 1 11
0 21 0 16 21
1 3 1 3
5 19 5 19
6 69 6 42 69
4 10 4 10
10 32 10 32
0 12 0 1 12
20 47 20 47
0 11 0 1 11
10 40 10 40
0 32 0 1 4 10 32
1 5 1 5
0 1 0 1
1 31 1 3 31
1 5 1 5
0 93 0 1 5 6 24 29 34 93
0 16 0 16
2 9 2 9
0 5 0 1 5
82 91 82 91
1 51 1 4 10 14 51
0 1 0 1
0 42 0 1 5 6 42
0 6 0 1 5 6
0 89 0 1 5 6 39 66 89
20 84 20 68 84
0 20 0 20
0 5 0 1 5
1 73 1 73
3 58 3 31 58
0 17 0 1 5 8 17
5 62 5 19 62
5 25 5 19 25
0 9 0 2 9
1 19 1 5 19
0 16 0 16
4 86 4 10 32 78 86
0 20 0 20
0 21 0 16 21
2 9 2 9
1 3 1 3
0 1 0 1
6 23 6 23
3 59 3 59
0 20 0 20
1 3 1 3
0 5 0 1 5
16 57 16 57
2 91 2 9 63 82 91
6 96 6 24 29 34 93 96
8 36 8 36
0 37 0 1 5 8 22 37
0 2 0 2
16 57 16 57
5 89 5 6 39 66 89
0 31 0 1 3 31
0 12 0 1 12
0 1 0 1
0 82 0 2 9 63 82
1 10 1 4 10
13 30 13 30
0 1 0 1
0 3 0 1 3
0 18 0 18
1 3 1 3
5 35 5 8 22 35
10 86 10 32 78 86
12 70 12 70
5 98 5 6 39 66 89 98
21 48 21 48
0 4 0 1 4
0 6 0 1 5 6
0 12 0 1 12
0 4 0 1 4
1 42 1 5 6 42
6 83 6 83
5 6 5 6
2 13 2 13
36 95 36 45 95
22 80 22 37 80
1 72 1 5 19 25 72
0 3 0 1 3
0 5 0 1 5
0 16 0 16
0 16 0 16
1 27 1 4 27
0 1 0 1
0 1 0 1
2 9 2 9
13 30 13 30
0 25 0 1 5 19 25
1 49 1 3 49
3 52 3 31 52
1 3 1 3
6 96 6 24 29 34 93 96
5 8 5 8
0 18 0 18
1 15 1 5 15
0 1 0 1
1 26 1 5 6 26
0 60 0 60
16 57 16 57
12 71 12 70 71
0 22 0 1 5 8 22
3 52 3 31 52
8 36 8 36
0 31 0 1 3 31
1 87 1 87
0 16 0 16
1 12 1 12
6 23 6 23
0 16 0 16
0 39 0 1 5 6 39
0 1 0 1
18 65 18 65
0 1 0 1
1 10 1 4 10
2 82 2 9 63 82
0 8 0 1 5 8
0 5 0 1 5
31 54 31 52 54
0 10 0 1 4 10
5 19 5 19
20 88 20 68 88
20 68 20 68
0 13 0 2 13
0 1 0 1
0 78 0 1 4 10 32 78
0 13 0 2 13
68 88 68 88
1 44 1 5 6 42 44
1 46 1 5 8 17 46
2 41 2 9 41
1 27 1 4 27
1 67 1 4 67
4 32 4 10 32
1 5 1 5
20 47 20 47
0 42 0 1 5 6 42
1 73 1 73
20 88 20 68 88
18 33 18 33
12 71 12 70 71
1 59 1 3 59
0 6 0 1 5 6
66 89 66 89
31 58 31 58
1 5 1 5
68 88 68 88
10 78 10 32 78
6 43 6 42 43
5 80 5 8 22 37 80
16 56 16 56
8 80 8 22 37 80
0 16 0 16
0 16 0 16
1 11 1 11
0 20 0 20
0 1 0 1
5 8 5 8
0 21 0 16 21
1 93 1 5 6 24 29 34 93
1 5 1 5
0 1 0 1
1 43 1 5 6 42 43
0 52 0 1 3 31 52
5 97 5 6 83 97
0 25 0 1 5 19 25
0 42 0 1 5 6 42
0 22 0 1 5 8 22
12 70 12 70
12 75 12 70 75
0 16 0 16
0 83 0 1 5 6 83
16 57 16 57
1 73 1 73
1 10 1 4 10
8 53 8 53
1 5 1 5
0 8 0 1 5 8
1 83 1 5 6 83
2 9 2 9
0 8 0 1 5 8
0 31 0 1 3 31
70 75 70 75
4 27 4 27
0 31 0 1 3 31
1 12 1 12
16 56 16 56
1 70 1 12 70
4 86 4 10 32 78 86
1 12 1 12
4 10 4 10
1 5 1 5
9 41 9 41
0 36 0 1 5 8 36
1 4 1 4
0 70 0 1 12 70
0 68 0 20 68
5 19 5 19
0 63 0 2 9 63
1 19 1 5 19
0 20 0 20
0 83 0 1 5 6 83
0 6 0 1 5 6
0 22 0 1 5 8 22
0 32 0 1 4 10 32
8 37 8 22 37
5 90 5 8 17 90
1 7 1 5 7
0 16 0 16
1 96 1 5 6 24 29 34 93 96
1 5 1 5
16 56 16 56
8 17 8 17
1 73 1 73
31 64 31 64
5 6 5 6
1 73 1 73
20 47 20 47
1 6 1 5 6
0 3 0 1 3
1 73 1 73
6 23 6 23
20 28 20 28
0 19 0 1 5 19
1 5 1 5
0 9 0 2 9
0 42 0 1 5 6 42
2 9 2 9
1 5 1 5
8 17 8 17
20 28 20 28
0 19 0 1 5 19
0 5 0 1 5
19 62 19 62
0 18 0 18
0 19 0 1 5 19
0 18 0 18
8 22 8 22
1 4 1 4
1 5 1 5
2 13 2 13
1 27 1 4 27
0 5 0 1 5
1 79 1 5 6 26 79
0 36 0 1 5 8 36
1 31 1 3 31
1 15 1 5 15
20 68 20 68
14 77 14 51 77
0 32 0 1 4 10 32
1 12 1 12
0 16 0 16
16 56 16 56
1 7 1 5 7
0 1 0 1
5 72 5 19 25 72
6 29 6 24 29
0 60 0 60
1 6 1 5 6
0 94 0 2 9 94
5 6 5 6
1 3 1 3
0 70 0 1 12 70
16 56 16 56
24 93 24 29 34 93
9 63 9 63
5 8 5 8
1 17 1 5 8 17
0 1 0 1
1 5 1 5
0 10 0 1 4 10
0 11 0 1 11
1 23 1 5 6 23
0 19 0 1 5 19
0 2 0 2
0 4 0 1 4
1 29 1 5 6 24 29
0 16 0 16
1 81 1 5 8 22 37 81
0 3 0 1 3
1 76 1 5 8 17 76
0 89 0 1 5 6 39 66 89
24 93 24 29 34 93
1 17 1 5 8 17
0 20 0 20
5 24 5 6 24
5 17 5 8 17
4 32 4 10 32
20 28 20 28
1 32 1 4 10 32
1 37 1 5 8 22 37
0 20 0 20
1 7 1 5 7
1 39 1 5 6 39
0 21 0 16 21
0 21 0 16 21
0 4 0 1 4
1 87 1 87
5 6 5 6
1 70 1 12 70
20 84 20 68 84
1 5 1 5
18 33 18 33
51 77 51 77
0 89 0 1 5 6 39 66 89
0 12 0 1 12
1 25 1 5 19 25
0 11 0 1 11
3 54 3 31 52 54
26 79 26 79
1 58 1 3 31 58
22 37 22 37
0 94 0 2 9 94
2 9 2 9
2 41 2 9 41
5 46 5 8 17 46
3 31 3 31
0 1 0 1
0 5 0 1 5
5 92 5 6 39 66 89 92
37 80 37 80
0 10 0 1 4 10
16 56 16 56
6 42 6 42
0 42 0 1 5 6 42
4 40 4 10 40
0 8 0 1 5 8
1 3 1 3
1 11 1 11
0 52 0 1 3 31 52
0 68 0 20 68
0 66 0 1 5 6 39 66
1 19 1 5 19
63 82 63 82
1 43 1 5 6 42 43
2 63 2 9 63
9 99 9 94 99
1 73 1 73
0 8 0 1 5 8
3 54 3 31 52 54
13 30 13 30
5 69 5 6 42 69
3 59 3 59
0 1 0 1
18 33 18 33
0 5 0 1 5
1 44 1 5 6 42 44
16 38 16 38
1 50 1 5 19 25 50
0 1 0 1
2 30 2 13 30
0 45 0 1 5 8 36 45
0 68 0 20 68
1 8 1 5 8
1 5 1 5
11 55 11 55
0 5 0 1 5
0 1 0 1
16 56 16 56
5 8 5 8
1 6 1 5 6
45 95 45 95
39 66 39 66
18 65 18 65
1 89 1 5 6 39 66 89
0 25 0 1 5 19 25
0 1 0 1
0 1 0 1
18 33 18 33
20 68 20 68
0 4 0 1 4
20 47 20 47
4 67 4 67
0 10 0 1 4 10
1 75 1 12 70 75
4 61 4 10 32 61
1 55 1 11 55
2 94 2 9 94
1 87 1 87
5 83 5 6 83
0 2 0 2
1 4 1 4
5 98 5 6 39 66 89 98
1 19 1 5 19
8 80 8 22 37 80
0 5 0 1 5
1 15 1 5 15
0 60 0 60
16 57 16 57
1 5 1 5
1 19 1 5 19
68 84 68 84
0 1 0 1
1 50 1 5 19 25 50
0 34 0 1 5 6 24 29 34
1 89 1 5 6 39 66 89
18 65 18 65
0 10 0 1 4 10
0 26 0 1 5 6 26
0 20 0 20
1 8 1 5 8
1 92 1 5 6 39 66 89 92
1 15 1 5 15
1 6 1 5 6
3 64 3 31 64
1 58 1 3 31 58
0 20 0 20
0 12 0 1 12
1 73 1 73
0 10 0 1 4 10
0 1 0 1
5 90 5 8 17 90
0 18 0 18
0 31 0 1 3 31
0 19 0 1 5 19
1 73 1 73
0 1 0 1
1 15 1 5 15
68 84 68 84
0 32 0 1 4 10 32
0 70 0 1 12 70
0 16 0 16
1 5 1 5
0 5 0 1 5
10 74 10 32 74
9 99 9 94 99
8 17 8 17
0 26 0 1 5 6 26
22 35 22 35
12 70 12 70
0 5 0 1 5
10 74 10 32 74
0 1 0 1
1 7 1 5 7
68 84 68 84
5 6 5 6
5 6 5 6
0 18 0 18
0 25 0 1 5 19 25
1 89 1 5 6 39 66 89
5 81 5 8 22 37 81
1 67 1 4 67
1 8 1 5 8
0 11 0 1 11
1 32 1 4 10 32
1 11 1 11
1 45 1 5 8 36 45
2 94 2 9 94
20 47 20 47
0 1 0 1
0 22 0 1 5 8 22
0 1 0 1
16 57 16 57
18 65 18 65
3 52 3 31 52
20 28 20 28
0 1 0 1
18 65 18 65
16 57 16 57
0 20 0 20
1 75 1 12 70 75
1 27 1 4 27
5 53 5 8 53
45 95 45 95
