0 396 0 396
495 994 495 994
0 405 0 405
344 843 344 843
0 414 0 414
193 692 193 692
0 569 0 70 569
436 935 436 935
0 5 0 5
285 784 285 784
0 872 0 373 872
0 510 0 11 510
0 23 0 23
377 876 377 876
0 753 0 254 753
0 270 0 270
0 813 0 314 813
0 279 0 279
0 108 0 108
410 909 410 909
0 754 0 255 754
0 635 0 136 635
470 969 470 969
0 364 0 364
0 135 0 135
0 373 0 373
0 727 0 228 727
0 938 0 439 938
0 576 0 77 576
34 533 34 533
0 787 0 288 787
0 391 0 391
0 668 0 169 668
0 971 0 472 971
444 943 444 943
0 820 0 321 820
0 247 0 247
159 658 159 658
0 256 0 256
0 494 0 494
8 507 8 507
0 265 0 265
251 750 251 750
100 599 100 599
0 945 0 446 945
41 540 41 540
0 794 0 295 794
0 359 0 359
284 783 284 783
133 632 133 632
0 886 0 387 886
0 735 0 236 735
0 377 0 377
0 978 0 479 978
0 827 0 328 827
0 395 0 395
166 665 166 665
15 514 15 514
0 768 0 269 768
226 725 226 725
0 979 0 480 979
107 606 107 606
0 242 0 242
0 480 0 480
318 817 318 817
0 251 0 251
0 489 0 489
0 89 0 89
140 639 140 639
0 516 0 17 516
351 850 351 850
200 699 200 699
0 107 0 107
0 953 0 454 953
232 731 232 731
0 116 0 116
443 942 443 942
0 125 0 125
324 823 324 823
141 640 141 640
0 517 0 18 517
173 672 173 672
384 883 384 883
22 521 22 521
265 764 265 764
114 613 114 613
325 824 325 824
0 228 0 228
266 765 266 765
0 237 0 237
0 642 0 143 642
0 475 0 475
0 246 0 246
147 646 147 646
0 484 0 484
358 857 358 857
0 734 0 235 734
0 960 0 461 960
418 917 418 917
0 75 0 75
0 675 0 176 675
148 647 148 647
391 890 391 890
0 102 0 102
0 767 0 268 767
240 739 240 739
451 950 451 950
0 349 0 349
483 982 483 982
0 358 0 358
0 859 0 360 859
332 831 332 831
0 708 0 209 708
181 680 181 680
392 891 392 891
0 557 0 58 557
484 983 484 983
122 621 122 621
0 649 0 150 649
0 892 0 393 892
365 864 365 864
0 214 0 214
0 741 0 242 741
214 713 214 713
0 223 0 223
0 461 0 461
0 801 0 302 801
0 232 0 232
0 833 0 334 833
306 805 306 805
0 470 0 470
0 682 0 183 682
0 479 0 479
0 925 0 426 925
0 774 0 275 774
0 70 0 70
0 623 0 124 623
458 957 458 957
490 989 490 989
339 838 339 838
0 88 0 88
0 326 0 326
0 97 0 97
0 926 0 427 926
431 930 431 930
0 775 0 276 775
0 344 0 344
0 353 0 353
0 362 0 362
432 931 432 931
87 586 87 586
0 200 0 200
0 689 0 190 689
0 209 0 209
373 872 373 872
0 749 0 250 749
0 227 0 227
88 587 88 587
0 841 0 342 841
0 873 0 374 873
0 722 0 223 722
0 483 0 483
0 933 0 434 933
0 492 0 492
0 782 0 283 782
0 993 0 494 993
272 771 272 771
0 874 0 375 874
0 321 0 321
0 330 0 330
213 712 213 712
0 966 0 467 966
0 339 0 339
0 815 0 316 815
0 348 0 348
0 664 0 165 664
305 804 305 804
0 357 0 357
3 502 3 502
35 534 35 534
246 745 246 745
0 186 0 186
95 594 95 594
0 848 0 349 848
0 204 0 204
338 837 338 837
0 442 0 442
187 686 187 686
0 213 0 213
0 940 0 441 940
0 451 0 451
0 563 0 64 563
0 789 0 290 789
247 746 247 746
279 778 279 778
128 627 128 627
0 504 0 5 504
0 478 0 478
371 870 371 870
0 941 0 442 941
0 60 0 60
220 719 220 719
0 596 0 97 596
0 69 0 69
69 568 69 568
0 316 0 316
0 87 0 87
0 325 0 325
404 903 404 903
0 334 0 334
0 974 0 475 974
102 601 102 601
0 915 0 416 915
0 172 0 172
194 693 194 693
405 904 405 904
0 181 0 181
254 753 254 753
286 785 286 785
0 190 0 190
135 634 135 634
0 511 0 12 511
346 845 346 845
378 877 378 877
0 208 0 208
0 446 0 446
0 948 0 449 948
227 726 227 726
438 937 438 937
0 603 0 104 603
76 575 76 575
0 37 0 37
0 663 0 164 663
136 635 136 635
0 473 0 473
168 667 168 667
379 878 379 878
0 544 0 45 544
0 755 0 256 755
228 727 228 727
0 64 0 64
0 302 0 302
77 576 77 576
471 970 471 970
0 73 0 73
0 311 0 311
0 847 0 348 847
0 696 0 197 696
169 668 169 668
0 329 0 329
0 338 0 338
0 637 0 138 637
353 852 353 852
0 518 0 19 518
0 729 0 230 729
385 884 385 884
0 176 0 176
0 972 0 473 972
0 821 0 322 821
0 194 0 194
143 642 143 642
0 432 0 432
0 913 0 414 913
0 730 0 231 730
0 441 0 441
235 734 235 734
0 459 0 459
478 977 478 977
0 822 0 323 822
0 854 0 355 854
0 41 0 41
0 703 0 204 703
0 552 0 53 552
0 288 0 288
0 59 0 59
0 795 0 296 795
268 767 268 767
0 297 0 297
0 68 0 68
479 978 479 978
0 306 0 306
0 887 0 388 887
360 859 360 859
0 736 0 237 736
0 324 0 324
0 947 0 448 947
0 796 0 297 796
75 574 75 574
0 828 0 329 828
0 153 0 153
0 888 0 389 888
0 526 0 27 526
0 920 0 421 920
16 515 16 515
0 769 0 270 769
0 409 0 409
0 980 0 481 980
0 618 0 119 618
0 418 0 418
0 829 0 330 829
108 607 108 607
0 861 0 362 861
0 427 0 427
0 710 0 211 710
0 436 0 436
0 921 0 422 921
17 516 17 516
0 18 0 18
0 27 0 27
0 651 0 152 651
109 608 109 608
0 894 0 395 894
0 711 0 212 711
0 45 0 45
0 283 0 283
427 926 427 926
0 803 0 304 803
82 581 82 581
0 652 0 153 652
0 895 0 396 895
0 927 0 428 927
23 522 23 522
234 733 234 733
0 139 0 139
0 148 0 148
0 685 0 186 685
326 825 326 825
0 928 0 429 928
0 166 0 166
0 404 0 404
0 626 0 127 626
0 422 0 422
116 615 116 615
0 431 0 431
0 4 0 4
359 858 359 858
208 707 208 707
0 810 0 311 810
0 22 0 22
89 588 89 588
0 269 0 269
0 40 0 40
0 902 0 403 902
30 529 30 529
0 994 0 495 994
0 296 0 296
0 843 0 344 843
0 305 0 305
333 832 333 832
182 681 182 681
0 935 0 436 935
0 558 0 59 558
393 892 393 892
242 741 242 741
0 143 0 143
123 622 123 622
0 152 0 152
334 833 334 833
0 559 0 60 559
215 714 215 714
0 170 0 170
426 925 426 925
64 563 64 563
275 774 275 774
0 426 0 426
0 532 0 33 532
5 504 5 504
0 8 0 8
0 17 0 17
0 255 0 255
0 624 0 125 624
459 958 459 958
97 596 97 596
0 35 0 35
0 533 0 34 533
0 565 0 66 565
492 991 492 991
0 506 0 7 506
190 689 190 689
0 138 0 138
314 813 314 813
0 658 0 159 658
0 147 0 147
0 385 0 385
0 507 0 8 507
0 539 0 40 539
374 873 374 873
0 750 0 251 750
223 722 223 722
0 403 0 403
0 599 0 100 599
466 965 466 965
0 421 0 421
164 663 164 663
0 3 0 3
0 540 0 41 540
407 906 407 906
0 572 0 73 572
0 12 0 12
0 783 0 284 783
256 755 256 755
0 250 0 250
0 632 0 133 632
0 268 0 268
348 847 348 847
197 696 197 696
0 286 0 286
0 784 0 285 784
63 562 63 562
0 665 0 166 665
0 876 0 377 876
0 514 0 15 514
4 503 4 503
0 124 0 124
0 606 0 107 606
0 133 0 133
473 972 473 972
0 371 0 371
0 817 0 318 817
0 389 0 389
0 909 0 410 909
37 536 37 536
0 407 0 407
0 639 0 140 639
0 850 0 351 850
0 731 0 232 731
0 236 0 236
0 942 0 443 942
0 7 0 7
0 16 0 16
0 823 0 324 823
0 254 0 254
70 569 70 569
0 672 0 173 672
0 883 0 384 883
0 272 0 272
11 510 11 510
0 764 0 265 764
0 824 0 325 824
0 934 0 435 934
0 856 0 357 856
0 119 0 119
12 511 12 511
0 765 0 266 765
0 128 0 128
255 754 255 754
104 603 104 603
0 857 0 358 857
0 375 0 375
0 384 0 384
0 393 0 393
45 544 45 544
0 908 0 409 908
288 787 288 787
0 890 0 391 890
0 231 0 231
0 739 0 240 739
96 595 96 595
18 517 18 517
0 240 0 240
0 982 0 483 982
0 831 0 332 831
170 669 170 669
0 546 0 47 546
19 518 19 518
0 96 0 96
0 864 0 365 864
322 821 322 821
0 114 0 114
0 123 0 123
0 579 0 80 579
414 913 414 913
295 794 295 794
0 379 0 379
355 854 355 854
0 388 0 388
236 735 236 735
0 612 0 113 612
296 795 296 795
0 226 0 226
0 521 0 22 521
388 887 388 887
0 235 0 235
269 768 269 768
0 613 0 114 613
480 979 480 979
439 938 439 938
329 828 329 828
0 82 0 82
0 586 0 87 586
421 920 421 920
270 769 270 769
0 646 0 147 646
0 100 0 100
362 861 362 861
472 971 472 971
0 109 0 109
321 820 321 820
0 587 0 88 587
454 953 454 953
0 365 0 365
0 830 0 331 830
0 374 0 374
0 638 0 139 638
395 894 395 894
0 771 0 272 771
0 212 0 212
446 945 446 945
0 712 0 213 712
0 230 0 230
0 671 0 172 671
428 927 428 927
0 804 0 305 804
387 886 387 886
0 502 0 3 502
0 495 0 495
0 534 0 35 534
0 745 0 246 745
328 827 328 827
0 77 0 77
0 594 0 95 594
461 960 461 960
0 837 0 338 837
0 95 0 95
0 333 0 333
0 686 0 187 686
0 104 0 104
0 342 0 342
0 113 0 113
0 351 0 351
0 778 0 279 778
0 989 0 490 989
0 627 0 128 627
0 360 0 360
494 993 494 993
0 719 0 220 719
302 801 302 801
0 930 0 431 930
0 568 0 69 568
435 934 435 934
0 454 0 454
0 234 0 234
0 601 0 102 601
0 472 0 472
59 558 59 558
0 481 0 481
0 693 0 194 693
0 490 0 490
0 63 0 63
0 904 0 405 904
0 863 0 364 863
0 785 0 286 785
0 845 0 346 845
0 328 0 328
0 937 0 438 937
0 346 0 346
33 532 33 532
0 355 0 355
125 624 125 624
0 988 0 489 988
0 878 0 379 878
0 193 0 193
0 970 0 471 970
176 675 176 675
66 565 66 565
0 211 0 211
0 449 0 449
0 220 0 220
0 458 0 458
7 506 7 506
0 870 0 371 870
0 467 0 467
250 749 250 749
209 708 209 708
0 852 0 353 852
0 58 0 58
58 557 58 557
0 567 0 68 567
150 649 150 649
40 539 40 539
0 314 0 314
0 903 0 404 903
0 76 0 76
0 323 0 323
0 332 0 332
0 977 0 478 977
183 682 183 682
73 572 73 572
165 664 165 664
124 623 124 623
0 877 0 378 877
0 197 0 197
0 435 0 435
0 969 0 470 969
0 444 0 444
0 215 0 215
276 775 276 775
409 908 409 908
47 546 47 546
0 471 0 471
0 634 0 135 634
0 53 0 53
139 638 139 638
0 515 0 16 515
0 726 0 227 726
0 575 0 76 575
442 941 442 941
0 80 0 80
80 579 80 579
0 318 0 318
0 667 0 168 667
172 671 172 671
342 841 342 841
0 608 0 109 608
475 974 475 974
0 165 0 165
434 933 434 933
283 782 283 782
0 183 0 183
416 915 416 915
375 874 375 874
0 439 0 439
0 448 0 448
357 856 357 856
467 966 467 966
0 733 0 234 733
0 522 0 23 522
0 30 0 30
316 815 316 815
0 692 0 193 692
449 948 449 948
0 466 0 466
0 295 0 295
0 66 0 66
0 304 0 304
349 848 349 848
0 725 0 226 725
0 615 0 116 615
0 574 0 75 574
0 322 0 322
331 830 331 830
441 940 441 940
0 707 0 208 707
290 789 290 789
0 331 0 331
231 730 231 730
0 607 0 108 607
0 169 0 169
364 863 364 863
0 416 0 416
323 822 323 822
0 187 0 187
0 699 0 200 699
0 434 0 434
0 681 0 182 681
0 443 0 443
0 640 0 141 640
0 34 0 34
0 622 0 123 622
0 943 0 444 943
0 581 0 82 581
448 947 448 947
0 290 0 290
0 714 0 215 714
0 884 0 385 884
113 612 113 612
0 825 0 326 825
481 980 481 980
0 958 0 459 958
0 917 0 418 917
0 164 0 164
0 647 0 148 647
0 173 0 173
0 858 0 359 858
0 182 0 182
0 991 0 492 991
0 429 0 429
0 950 0 451 950
0 11 0 11
0 438 0 438
138 637 138 637
0 891 0 392 891
0 276 0 276
230 729 230 729
0 983 0 484 983
0 47 0 47
0 285 0 285
0 832 0 333 832
0 965 0 466 965
153 652 153 652
0 906 0 407 906
0 141 0 141
0 150 0 150
204 703 204 703
0 957 0 458 957
0 159 0 159
53 552 53 552
0 168 0 168
127 626 127 626
237 736 237 736
0 15 0 15
297 796 297 796
68 567 68 567
0 33 0 33
0 931 0 432 931
389 888 389 888
27 526 27 526
119 618 119 618
330 829 330 829
211 710 211 710
422 921 422 921
60 559 60 559
0 127 0 127
0 136 0 136
152 651 152 651
212 711 212 711
0 392 0 392
0 588 0 89 588
304 803 304 803
0 410 0 410
0 680 0 181 680
0 529 0 30 529
396 895 396 895
0 428 0 428
0 621 0 122 621
0 19 0 19
0 713 0 214 713
186 685 186 685
0 266 0 266
0 562 0 63 562
0 275 0 275
429 928 429 928
0 805 0 306 805
0 284 0 284
489 988 489 988
0 503 0 4 503
0 746 0 247 746
0 595 0 96 595
0 122 0 122
0 838 0 339 838
311 810 311 810
0 140 0 140
0 378 0 378
0 536 0 37 536
403 902 403 902
0 387 0 387
0 669 0 170 669
