13 386 13 17 132 184 386
11 222 11 26 44 209 222
0 69 0 11 13 17 69
6 20 6 8 20
0 352 0 11 13 31 68 185 352
31 49 31 49
0 21 0 1 2 3 21
2 80 2 16 22 80
1 200 1 2 4 200
0 6 0 1 2 6
0 21 0 1 2 3 21
1 6 1 2 6
13 68 13 31 68
11 26 11 26
0 160 0 1 2 6 8 20 32 45 145 160
13 114 13 23 114
115 173 115 173
6 421 6 25 33 48 66 354 421
0 121 0 1 2 6 25 33 51 121
26 338 26 44 338
1 161 1 2 6 8 20 32 45 145 160 161
5 7 5 7
35 443 35 60 77 258 333 443
9 96 9 14 96
10 79 10 12 79
1 134 1 2 6 8 10 54 75 134
2 54 2 6 8 10 54
18 305 18 73 105 233 305
0 13 0 11 13
1 112 1 2 16 22 59 112
12 142 12 28 64 119 139 142
8 158 8 15 153 158
1 473 1 2 4 34 473
0 32 0 1 2 6 8 20 32
1 8 1 2 6 8
13 437 13 31 93 437
33 355 33 51 121 143 355
237 484 237 314 402 454 484
3 429 3 429
0 46 0 1 2 6 8 15 46
43 309 43 309
2 64 2 6 8 10 12 28 64
0 184 0 11 13 17 132 184
0 8 0 1 2 6 8
32 339 32 35 339
0 26 0 11 26
0 15 0 1 2 6 8 15
54 400 54 75 97 400
2 72 2 6 25 33 72
0 62 0 1 5 7 62
1 14 1 2 6 8 9 14
8 12 8 10 12
2 16 2 16
0 11 0 11
139 203 139 195 203
1 422 1 2 16 22 88 204 422
26 294 26 44 209 294
11 273 11 13 31 93 273
31 170 31 49 170
1 205 1 2 6 8 15 162 205
0 1 0 1
0 409 0 1 2 6 8 15 29 129 152 409
0 8 0 1 2 6 8
0 21 0 1 2 3 21
13 68 13 31 68
1 58 1 2 6 8 10 37 58
11 26 11 26
1 6 1 2 6
0 79 0 1 2 6 8 10 12 79
6 43 6 25 43
284 321 284 321
0 1 0 1
0 79 0 1 2 6 8 10 12 79
6 8 6 8
0 6 0 1 2 6
13 295 13 31 93 130 295
26 44 26 44
2 377 2 6 8 10 37 58 76 101 176 377
0 6 0 1 2 6
13 415 13 157 415
103 276 103 276
45 300 45 145 147 300
205 320 205 320
11 319 11 13 23 115 319
0 166 0 1 18 41 166
13 224 13 31 93 137 224
0 25 0 1 2 6 25
2 36 2 6 8 19 36
0 31 0 11 13 31
1 9 1 2 6 8 9
2 6 2 6
13 31 13 31
0 222 0 11 26 44 209 222
2 126 2 6 8 15 126
0 35 0 1 2 6 8 20 32 35
6 478 6 8 15 27 228 289 478
2 300 2 6 8 20 32 45 145 147 300
11 17 11 13 17
9 446 9 14 446
0 8 0 1 2 6 8
68 399 68 185 399
1 70 1 2 6 8 15 65 70
0 185 0 11 13 31 68 185
1 425 1 2 6 25 33 48 425
2 153 2 6 8 15 153
12 79 12 79
1 138 1 2 6 8 19 138
1 174 1 2 6 8 10 12 28 64 119 139 142 174
1 178 1 178
11 210 11 13 31 68 185 210
0 6 0 1 2 6
0 38 0 1 2 6 8 10 30 38
10 90 10 12 90
0 69 0 11 13 17 69
0 64 0 1 2 6 8 10 12 28 64
32 60 32 35 60
13 31 13 31
1 179 1 2 6 8 10 30 179
114 148 114 148
2 414 2 6 8 15 27 92 116 414
7 127 7 62 127
1 65 1 2 6 8 15 65
0 2 0 1 2
1 19 1 2 6 8 19
2 75 2 6 8 10 54 75
1 477 1 2 6 8 15 65 418 477
0 37 0 1 2 6 8 10 37
1 54 1 2 6 8 10 54
2 45 2 6 8 20 32 45
1 405 1 5 7 405
185 210 185 210
1 387 1 2 6 8 10 12 28 64 119 139 387
0 1 0 1
0 13 0 11 13
6 220 6 8 15 29 50 220
0 167 0 1 2 6 25 33 51 167
2 10 2 6 8 10
8 183 8 15 65 183
11 236 11 26 131 236
2 257 2 6 8 20 81 257
1 8 1 2 6 8
1 25 1 2 6 25
6 354 6 25 33 48 66 354
6 76 6 8 10 37 58 76
33 323 33 48 235 323
8 152 8 15 29 129 152
0 1 0 1
0 8 0 1 2 6 8
2 377 2 6 8 10 37 58 76 101 176 377
13 468 13 31 68 185 352 468
11 31 11 13 31
0 30 0 1 2 6 8 10 30
0 4 0 1 2 4
1 6 1 2 6
0 1 0 1
1 390 1 2 6 8 20 32 35 60 77 258 390
0 6 0 1 2 6
11 185 11 13 31 68 185
0 1 0 1
0 3 0 1 2 3
68 185 68 185
0 26 0 11 26
1 8 1 2 6 8
13 241 13 31 49 241
0 19 0 1 2 6 8 19
15 183 15 65 183
0 115 0 11 13 23 115
6 90 6 8 10 12 90
2 427 2 6 8 9 14 96 401 427
0 6 0 1 2 6
13 273 13 31 93 273
1 62 1 5 7 62
54 97 54 75 97
402 454 402 454
11 403 11 13 157 208 403
0 75 0 1 2 6 8 10 54 75
2 217 2 6 8 15 217
2 8 2 6 8
1 362 1 2 16 22 59 311 362
0 26 0 11 26
15 71 15 29 71
2 32 2 6 8 20 32
2 183 2 6 8 15 65 183
1 6 1 2 6
0 59 0 1 2 16 22 59
0 6 0 1 2 6
2 98 2 6 8 10 37 98
11 17 11 13 17
11 297 11 104 297
0 2 0 1 2
1 486 1 2 6 106 231 486
0 302 0 1 2 302
1 25 1 2 6 25
2 246 2 4 246
6 341 6 8 15 29 129 152 155 196 243 341
8 463 8 10 54 75 463
0 11 0 11
109 164 109 164
0 20 0 1 2 6 8 20
6 258 6 8 20 32 35 60 77 258
2 6 2 6
2 238 2 6 8 20 32 35 238
1 10 1 2 6 8 10
1 2 1 2
6 37 6 8 10 37
6 337 6 8 15 29 71 337
2 153 2 6 8 15 153
0 8 0 1 2 6 8
0 6 0 1 2 6
8 74 8 19 36 42 74
2 487 2 6 25 33 51 266 487
6 25 6 25
0 64 0 1 2 6 8 10 12 28 64
2 470 2 6 25 43 470
2 479 2 6 8 15 153 158 479
0 45 0 1 2 6 8 20 32 45
1 18 1 18
1 323 1 2 6 25 33 48 235 323
1 449 1 2 6 25 33 449
37 253 37 253
23 188 23 115 188
1 486 1 2 6 106 231 486
2 373 2 6 113 221 251 368 373
0 25 0 1 2 6 25
6 15 6 8 15
1 183 1 2 6 8 15 65 183
24 275 24 275
0 209 0 11 26 44 209
0 93 0 11 13 31 93
11 432 11 136 432
6 471 6 8 10 12 28 64 119 139 387 471
0 23 0 11 13 23
1 300 1 2 6 8 20 32 45 145 147 300
8 81 8 20 81
0 44 0 11 26 44
6 406 6 8 9 56 356 406
0 20 0 1 2 6 8 20
1 455 1 2 6 8 10 12 407 455
0 222 0 11 26 44 209 222
6 160 6 8 20 32 45 145 160
0 15 0 1 2 6 8 15
62 171 62 133 171
1 62 1 5 7 62
6 15 6 8 15
131 236 131 236
6 145 6 8 20 32 45 145
6 176 6 8 10 37 58 76 101 176
26 344 26 44 209 222 344
1 220 1 2 6 8 15 29 50 220
0 3 0 1 2 3
2 421 2 6 25 33 48 66 354 421
1 288 1 2 6 8 20 32 35 177 288
131 191 131 191
0 2 0 1 2
1 445 1 2 6 25 33 51 121 143 355 445
6 214 6 8 10 30 38 128 214
1 2 1 2
115 249 115 249
6 235 6 25 33 48 235
0 289 0 1 2 6 8 15 27 228 289
1 366 1 2 6 8 10 30 38 366
1 117 1 2 6 8 10 30 117
1 62 1 5 7 62
11 273 11 13 31 93 273
2 58 2 6 8 10 37 58
1 18 1 18
1 5 1 5
0 126 0 1 2 6 8 15 126
0 8 0 1 2 6 8
2 364 2 6 8 15 126 364
8 9 8 9
2 6 2 6
6 387 6 8 10 12 28 64 119 139 387
1 20 1 2 6 8 20
6 29 6 8 15 29
2 366 2 6 8 10 30 38 366
6 139 6 8 10 12 28 64 119 139
0 19 0 1 2 6 8 19
10 12 10 12
0 1 0 1
1 6 1 2 6
6 15 6 8 15
0 46 0 1 2 6 8 15 46
1 340 1 2 302 340
0 26 0 11 26
0 42 0 1 2 6 8 19 36 42
16 109 16 22 109
1 138 1 2 6 8 19 138
25 187 25 175 187
1 487 1 2 6 25 33 51 266 487
2 6 2 6
5 301 5 7 62 301
8 15 8 15
0 10 0 1 2 6 8 10
2 111 2 16 111
1 484 1 2 6 8 15 217 237 314 402 454 484
62 206 62 206
2 6 2 6
0 10 0 1 2 6 8 10
2 211 2 6 25 33 51 121 211
18 444 18 444
8 45 8 20 32 45
30 38 30 38
6 332 6 8 15 29 129 152 155 196 332
11 137 11 13 31 93 137
8 29 8 15 29
2 6 2 6
0 164 0 1 2 16 22 109 164
11 295 11 13 31 93 130 295
13 17 13 17
11 157 11 13 157
0 32 0 1 2 6 8 20 32
0 2 0 1 2
0 132 0 11 13 17 132
1 10 1 2 6 8 10
23 115 23 115
2 424 2 6 8 15 29 129 152 409 424
13 31 13 31
2 8 2 6 8
13 115 13 23 115
0 62 0 1 5 7 62
1 12 1 2 6 8 10 12
2 37 2 6 8 10 37
0 71 0 1 2 6 8 15 29 71
1 158 1 2 6 8 15 153 158
6 216 6 8 10 12 79 165 207 216
136 242 136 242
1 22 1 2 16 22
2 421 2 6 25 33 48 66 354 421
1 220 1 2 6 8 15 29 50 220
2 15 2 6 8 15
1 8 1 2 6 8
2 8 2 6 8
68 185 68 185
13 269 13 31 201 268 269
13 202 13 202
2 383 2 6 8 20 32 45 145 160 383
1 291 1 2 6 25 33 51 167 291
1 367 1 2 6 8 15 29 71 367
32 145 32 45 145
0 118 0 1 24 118
8 19 8 19
13 17 13 17
0 16 0 1 2 16
0 413 0 1 24 118 413
2 58 2 6 8 10 37 58
0 236 0 11 26 131 236
13 403 13 157 208 403
1 3 1 2 3
1 16 1 2 16
0 6 0 1 2 6
2 98 2 6 8 10 37 98
0 115 0 11 13 23 115
2 323 2 6 25 33 48 235 323
0 85 0 1 2 6 25 43 85
2 6 2 6
8 455 8 10 12 407 455
16 151 16 151
2 183 2 6 8 15 65 183
1 467 1 2 16 40 57 467
2 8 2 6 8
17 312 17 132 312
1 2 1 2
65 477 65 418 477
45 160 45 145 160
6 377 6 8 10 37 58 76 101 176 377
0 35 0 1 2 6 8 20 32 35
1 7 1 5 7
22 164 22 109 164
1 406 1 2 6 8 9 56 356 406
0 1 0 1
0 136 0 11 136
31 93 31 93
1 75 1 2 6 8 10 54 75
0 76 0 1 2 6 8 10 37 58 76
6 15 6 8 15
0 10 0 1 2 6 8 10
22 362 22 59 311 362
1 259 1 2 6 8 15 29 129 152 155 196 243 259
0 106 0 1 2 6 106
1 342 1 2 6 8 10 37 316 342
0 208 0 11 13 157 208
25 33 25 33
6 135 6 8 19 36 135
1 62 1 5 7 62
157 415 157 415
5 206 5 7 62 206
2 477 2 6 8 15 65 418 477
1 6 1 2 6
0 1 0 1
1 25 1 2 6 25
2 108 2 6 8 9 14 96 108
0 381 0 381
1 480 1 2 6 8 10 37 58 84 102 472 480
0 30 0 1 2 6 8 10 30
32 45 32 45
0 68 0 11 13 31 68
2 8 2 6 8
13 31 13 31
12 207 12 79 165 207
0 25 0 1 2 6 25
0 33 0 1 2 6 25 33
0 323 0 1 2 6 25 33 48 235 323
0 93 0 11 13 31 93
8 9 8 9
2 91 2 6 8 9 14 91
25 33 25 33
0 11 0 11
29 341 29 129 152 155 196 243 341
2 8 2 6 8
0 11 0 11
13 68 13 31 68
11 26 11 26
38 252 38 128 193 252
0 80 0 1 2 16 22 80
0 69 0 11 13 17 69
28 139 28 64 119 139
0 11 0 11
0 149 0 11 13 31 93 149
2 98 2 6 8 10 37 98
31 185 31 68 185
1 45 1 2 6 8 20 32 45
0 25 0 1 2 6 25
1 20 1 2 6 8 20
0 22 0 1 2 16 22
0 13 0 11 13
0 25 0 1 2 6 25
23 436 23 144 436
0 92 0 1 2 6 8 15 27 92
0 57 0 1 2 16 40 57
0 35 0 1 2 6 8 20 32 35
0 104 0 11 104
13 185 13 31 68 185
45 147 45 145 147
2 218 2 6 8 10 12 218
1 175 1 2 6 25 175
5 306 5 306
0 42 0 1 2 6 8 19 36 42
11 468 11 13 31 68 185 352 468
1 106 1 2 6 106
32 261 32 45 261
1 8 1 2 6 8
0 114 0 11 13 23 114
2 212 2 16 22 88 212
1 18 1 18
0 46 0 1 2 6 8 15 46
0 69 0 11 13 17 69
1 455 1 2 6 8 10 12 407 455
11 423 11 13 157 208 423
1 8 1 2 6 8
15 125 15 46 125
2 88 2 16 22 88
11 157 11 13 157
0 438 0 11 13 31 93 149 326 391 438
1 15 1 2 6 8 15
1 362 1 2 16 22 59 311 362
0 16 0 1 2 16
0 15 0 1 2 6 8 15
11 104 11 104
1 35 1 2 6 8 20 32 35
11 17 11 13 17
6 110 6 8 10 12 79 110
0 10 0 1 2 6 8 10
6 8 6 8
0 2 0 1 2
0 12 0 1 2 6 8 10 12
0 20 0 1 2 6 8 20
26 209 26 44 209
1 2 1 2
1 4 1 2 4
6 50 6 8 15 29 50
11 209 11 26 44 209
11 326 11 13 31 93 149 326
0 31 0 11 13 31
8 371 8 15 371
5 133 5 7 62 133
62 189 62 133 171 189
0 3 0 1 2 3
41 166 41 166
11 148 11 13 23 114 148
10 97 10 54 75 97
2 51 2 6 25 33 51
0 26 0 11 26
11 241 11 13 31 49 241
326 459 326 391 438 459
2 10 2 6 8 10
19 431 19 431
10 400 10 54 75 97 400
16 59 16 22 59
0 1 0 1
130 295 130 295
6 441 6 8 10 54 75 134 169 441
1 366 1 2 6 8 10 30 38 366
2 6 2 6
0 25 0 1 2 6 25
8 71 8 15 29 71
6 10 6 8 10
32 45 32 45
0 93 0 11 13 31 93
32 390 32 35 60 77 258 390
11 197 11 13 23 115 173 197
2 8 2 6 8
0 18 0 1 18
11 69 11 13 17 69
8 364 8 15 126 364
0 19 0 1 2 6 8 19
31 192 31 192
76 176 76 101 176
10 12 10 12
0 26 0 11 26
1 8 1 2 6 8
0 8 0 1 2 6 8
1 2 1 2
0 194 0 11 13 17 194
0 333 0 1 2 6 8 20 32 35 60 77 258 333
1 316 1 2 6 8 10 37 316
18 73 18 73
1 462 1 2 16 40 462
0 8 0 1 2 6 8
1 424 1 2 6 8 15 29 129 152 409 424
6 61 6 8 9 56 61
19 74 19 36 42 74
8 158 8 15 153 158
4 246 4 246
11 386 11 13 17 132 184 386
11 13 11 13
8 186 8 9 14 186
6 51 6 25 33 51
0 33 0 1 2 6 25 33
10 347 10 54 347
2 28 2 6 8 10 12 28
0 1 0 1
0 25 0 1 2 6 25
0 17 0 11 13 17
6 43 6 25 43
0 126 0 1 2 6 8 15 126
11 44 11 26 44
0 17 0 11 13 17
5 301 5 7 62 301
1 36 1 2 6 8 19 36
1 8 1 2 6 8
0 8 0 1 2 6 8
0 17 0 11 13 17
0 45 0 1 2 6 8 20 32 45
1 362 1 2 16 22 59 311 362
0 33 0 1 2 6 25 33
2 450 2 6 8 15 65 183 315 450
8 56 8 9 56
0 34 0 1 2 4 34
10 139 10 12 28 64 119 139
0 157 0 11 13 157
18 73 18 73
49 271 49 170 271
0 454 0 1 2 6 8 15 217 237 314 402 454
1 337 1 2 6 8 15 29 71 337
0 1 0 1
35 483 35 238 483
0 1 0 1
2 145 2 6 8 20 32 45 145
8 300 8 20 32 45 145 147 300
32 145 32 45 145
0 251 0 1 2 6 113 221 251
16 372 16 22 80 372
0 31 0 11 13 31
25 266 25 33 51 266
6 347 6 8 10 54 347
0 361 0 1 2 6 25 175 361
2 336 2 6 8 20 32 45 145 160 336
15 349 15 29 129 152 155 196 349
8 81 8 20 81
13 93 13 31 93
1 14 1 2 6 8 9 14
6 445 6 25 33 51 121 143 355 445
0 13 0 11 13
32 160 32 45 145 160
8 10 8 10
1 62 1 5 7 62
0 33 0 1 2 6 25 33
26 283 26 283
0 258 0 1 2 6 8 20 32 35 60 77 258
1 175 1 2 6 25 175
2 35 2 6 8 20 32 35
37 101 37 58 76 101
1 350 1 2 6 25 33 51 121 211 317 350
1 151 1 2 16 151
1 5 1 5
1 8 1 2 6 8
12 345 12 28 64 119 139 345
31 376 31 68 185 376
1 183 1 2 6 8 15 65 183
1 16 1 2 16
194 374 194 374
82 434 82 434
2 15 2 6 8 15
2 154 2 6 8 20 81 87 154
1 322 1 2 6 8 20 32 45 322
2 384 2 6 25 43 309 384
51 419 51 121 143 355 419
2 32 2 6 8 20 32
0 31 0 11 13 31
11 26 11 26
12 64 12 28 64
1 145 1 2 6 8 20 32 45 145
1 461 1 2 6 8 20 32 35 60 77 258 333 443 461
13 249 13 23 115 249
1 405 1 5 7 405
0 339 0 1 2 6 8 20 32 35 339
10 128 10 30 38 128
8 195 8 10 12 28 64 119 139 195
0 11 0 11
0 4 0 1 2 4
168 408 168 408
0 13 0 11 13
1 6 1 2 6
0 23 0 11 13 23
11 17 11 13 17
0 14 0 1 2 6 8 9 14
0 172 0 1 2 6 8 15 29 172
8 15 8 15
1 125 1 2 6 8 15 46 125
2 6 2 6
0 40 0 1 2 16 40
1 449 1 2 6 25 33 449
1 369 1 2 16 40 57 182 369
2 3 2 3
0 191 0 11 26 131 191
2 474 2 6 8 10 474
2 354 2 6 25 33 48 66 354
0 8 0 1 2 6 8
1 2 1 2
0 13 0 11 13
0 39 0 39
10 54 10 54
11 321 11 13 17 69 284 321
20 404 20 32 35 122 404
2 57 2 16 40 57
31 280 31 280
0 10 0 1 2 6 8 10
113 373 113 221 251 368 373
13 319 13 23 115 319
26 236 26 131 236
1 6 1 2 6
2 14 2 6 8 9 14
0 11 0 11
0 6 0 1 2 6
0 131 0 11 26 131
0 10 0 1 2 6 8 10
93 273 93 273
2 362 2 16 22 59 311 362
0 59 0 1 2 16 22 59
13 114 13 23 114
0 14 0 1 2 6 8 9 14
2 101 2 6 8 10 37 58 76 101
13 488 13 17 69 488
0 11 0 11
0 115 0 11 13 23 115
11 44 11 26 44
0 25 0 1 2 6 25
1 45 1 2 6 8 20 32 45
17 374 17 194 374
0 1 0 1
6 101 6 8 10 37 58 76 101
6 477 6 8 15 65 418 477
0 136 0 11 136
1 14 1 2 6 8 9 14
2 286 2 16 22 109 164 286
8 256 8 10 37 58 76 101 176 225 256
0 34 0 1 2 4 34
0 47 0 11 26 47
1 446 1 2 6 8 9 14 446
2 15 2 6 8 15
6 390 6 8 20 32 35 60 77 258 390
2 111 2 16 111
0 30 0 1 2 6 8 10 30
0 18 0 1 18
11 271 11 13 31 49 170 271
2 10 2 6 8 10
0 17 0 11 13 17
2 8 2 6 8
1 77 1 2 6 8 20 32 35 60 77
8 35 8 20 32 35
0 22 0 1 2 16 22
0 10 0 1 2 6 8 10
0 1 0 1
0 8 0 1 2 6 8
2 8 2 6 8
13 476 13 31 68 185 476
0 7 0 1 5 7
11 191 11 26 131 191
2 6 2 6
1 8 1 2 6 8
2 378 2 16 151 378
51 308 51 121 211 308
0 131 0 11 26 131
2 32 2 6 8 20 32
2 460 2 6 8 20 32 45 145 460
2 8 2 6 8
1 33 1 2 6 25 33
33 266 33 51 266
0 11 0 11
0 17 0 11 13 17
20 145 20 32 45 145
69 321 69 284 321
1 15 1 2 6 8 15
0 1 0 1
54 75 54 75
2 6 2 6
30 117 30 117
11 488 11 13 17 69 488
2 252 2 6 8 10 30 38 128 193 252
2 175 2 6 25 175
11 13 11 13
108 466 108 466
2 164 2 16 22 109 164
2 445 2 6 25 33 51 121 143 355 445
8 27 8 15 27
0 8 0 1 2 6 8
8 371 8 15 371
11 435 11 26 47 435
2 302 2 302
15 29 15 29
6 143 6 25 33 51 121 143
0 4 0 1 2 4
0 8 0 1 2 6 8
0 93 0 11 13 31 93
2 340 2 302 340
0 166 0 1 18 41 166
1 108 1 2 6 8 9 14 96 108
1 2 1 2
8 259 8 15 29 129 152 155 196 243 259
8 442 8 10 86 442
114 148 114 148
0 97 0 1 2 6 8 10 54 75 97
1 410 1 2 6 8 20 32 304 410
11 185 11 13 31 68 185
0 202 0 11 13 202
5 133 5 7 62 133
0 40 0 1 2 16 40
1 431 1 2 6 8 19 431
0 2 0 1 2
0 8 0 1 2 6 8
0 2 0 1 2
2 486 2 6 106 231 486
0 1 0 1
18 278 18 73 278
28 64 28 64
11 13 11 13
10 335 10 86 146 234 335
0 6 0 1 2 6
2 12 2 6 8 10 12
6 12 6 8 10 12
13 229 13 23 115 188 229
3 298 3 298
0 32 0 1 2 6 8 20 32
6 464 6 8 9 14 78 428 464
1 3 1 2 3
8 450 8 15 65 183 315 450
2 8 2 6 8
0 167 0 1 2 6 25 33 51 167
0 133 0 1 5 7 62 133
6 217 6 8 15 217
1 2 1 2
0 2 0 1 2
1 6 1 2 6
1 189 1 5 7 62 133 171 189
13 284 13 17 69 284
2 22 2 16 22
1 74 1 2 6 8 19 36 42 74
11 363 11 13 23 115 319 363
6 14 6 8 9 14
1 178 1 178
0 59 0 1 2 16 22 59
8 76 8 10 37 58 76
0 22 0 1 2 16 22
1 466 1 2 6 8 9 14 96 108 466
2 266 2 6 25 33 51 266
0 2 0 1 2
1 6 1 2 6
1 442 1 2 6 8 10 86 442
26 283 26 283
6 226 6 8 19 36 42 226
11 44 11 26 44
8 227 8 20 32 45 145 147 227
0 20 0 1 2 6 8 20
11 104 11 104
153 158 153 158
0 57 0 1 2 16 40 57
1 91 1 2 6 8 9 14 91
1 53 1 2 6 8 19 36 53
153 479 153 158 479
2 6 2 6
16 299 16 22 109 164 299
1 8 1 2 6 8
6 8 6 8
0 19 0 1 2 6 8 19
0 28 0 1 2 6 8 10 12 28
0 6 0 1 2 6
10 75 10 54 75
0 155 0 1 2 6 8 15 29 129 152 155
2 8 2 6 8
25 272 25 33 67 103 272
44 447 44 209 222 447
6 239 6 8 10 37 58 84 102 239
0 51 0 1 2 6 25 33 51
1 406 1 2 6 8 9 56 356 406
0 1 0 1
26 338 26 44 338
1 211 1 2 6 25 33 51 121 211
0 13 0 11 13
11 31 11 13 31
75 303 75 303
0 12 0 1 2 6 8 10 12
26 293 26 44 293
2 6 2 6
0 1 0 1
1 36 1 2 6 8 19 36
0 35 0 1 2 6 8 20 32 35
144 436 144 436
0 93 0 11 13 31 93
0 1 0 1
0 7 0 1 5 7
1 18 1 18
11 343 11 26 131 343
0 136 0 11 136
6 460 6 8 20 32 45 145 460
1 40 1 2 16 40
11 13 11 13
1 119 1 2 6 8 10 12 28 64 119
132 386 132 184 386
0 392 0 11 13 23 115 173 197 392
9 406 9 56 356 406
11 293 11 26 44 293
0 253 0 1 2 6 8 10 37 253
51 355 51 121 143 355
0 22 0 1 2 16 22
1 378 1 2 16 151 378
0 158 0 1 2 6 8 15 153 158
1 7 1 5 7
6 355 6 25 33 51 121 143 355
8 395 8 10 30 395
8 498 8 10 86 146 234 335 348 498
1 5 1 5
13 482 13 23 115 173 197 392 482
12 345 12 28 64 119 139 345
1 165 1 2 6 8 10 12 79 165
8 365 8 15 153 158 365
6 227 6 8 20 32 45 145 147 227
1 408 1 2 16 22 59 112 168 408
32 410 32 304 410
1 180 1 2 16 22 59 180
0 10 0 1 2 6 8 10
2 10 2 6 8 10
2 6 2 6
6 134 6 8 10 54 75 134
0 10 0 1 2 6 8 10
0 34 0 1 2 4 34
2 4 2 4
2 10 2 6 8 10
93 149 93 149
2 43 2 6 25 43
11 415 11 13 157 415
2 256 2 6 8 10 37 58 76 101 176 225 256
0 8 0 1 2 6 8
10 117 10 30 117
1 2 1 2
2 10 2 6 8 10
15 237 15 217 237
0 10 0 1 2 6 8 10
8 10 8 10
0 185 0 11 13 31 68 185
6 64 6 8 10 12 28 64
136 380 136 242 380
6 65 6 8 15 65
0 164 0 1 2 16 22 109 164
11 31 11 13 31
8 52 8 10 30 38 52
1 6 1 2 6
6 10 6 8 10
6 158 6 8 15 153 158
2 199 2 6 25 43 85 156 199
0 38 0 1 2 6 8 10 30 38
6 8 6 8
6 390 6 8 20 32 35 60 77 258 390
1 2 1 2
0 136 0 11 136
1 36 1 2 6 8 19 36
6 261 6 8 20 32 45 261
0 173 0 11 13 23 115 173
8 174 8 10 12 28 64 119 139 142 174
0 103 0 1 2 6 25 33 67 103
25 121 25 33 51 121
209 222 209 222
0 173 0 11 13 23 115 173
1 30 1 2 6 8 10 30
2 80 2 16 22 80
15 65 15 65
8 179 8 10 30 179
194 374 194 374
0 11 0 11
1 88 1 2 16 22 88
0 1 0 1
6 8 6 8
11 295 11 13 31 93 130 295
11 188 11 13 23 115 188
1 32 1 2 6 8 20 32
23 115 23 115
2 177 2 6 8 20 32 35 177
1 73 1 18 73
0 106 0 1 2 6 106
2 298 2 3 298
8 45 8 20 32 45
15 454 15 217 237 314 402 454
8 359 8 9 14 186 254 359
27 92 27 92
0 8 0 1 2 6 8
1 152 1 2 6 8 15 29 129 152
6 12 6 8 10 12
0 235 0 1 2 6 25 33 48 235
0 15 0 1 2 6 8 15
0 354 0 1 2 6 25 33 48 66 354
1 187 1 2 6 25 175 187
37 76 37 58 76
8 174 8 10 12 28 64 119 139 142 174
1 45 1 2 6 8 20 32 45
0 16 0 1 2 16
1 408 1 2 16 22 59 112 168 408
2 8 2 6 8
2 429 2 3 429
0 16 0 1 2 16
8 65 8 15 65
0 36 0 1 2 6 8 19 36
11 13 11 13
25 33 25 33
11 184 11 13 17 132 184
1 85 1 2 6 25 43 85
23 173 23 115 173
0 11 0 11
1 12 1 2 6 8 10 12
1 111 1 2 16 111
6 272 6 25 33 67 103 272
0 2 0 1 2
1 7 1 5 7
1 375 1 2 6 8 10 30 375
0 2 0 1 2
11 31 11 13 31
0 11 0 11
13 132 13 17 132
26 44 26 44
1 25 1 2 6 25
0 381 0 381
0 1 0 1
0 1 0 1
0 25 0 1 2 6 25
0 159 0 1 2 6 25 33 67 159
1 238 1 2 6 8 20 32 35 238
6 426 6 113 221 251 368 373 426
20 496 20 32 35 339 496
6 464 6 8 9 14 78 428 464
13 31 13 31
2 341 2 6 8 15 29 129 152 155 196 243 341
1 474 1 2 6 8 10 474
1 404 1 2 6 8 20 32 35 122 404
13 68 13 31 68
1 250 1 2 6 8 10 37 58 76 101 250
16 462 16 40 462
0 1 0 1
2 498 2 6 8 10 86 146 234 335 348 498
6 342 6 8 10 37 316 342
10 30 10 30
1 14 1 2 6 8 9 14
0 185 0 11 13 31 68 185
1 85 1 2 6 25 43 85
2 362 2 16 22 59 311 362
13 157 13 157
0 8 0 1 2 6 8
1 492 1 2 16 22 109 164 299 492
2 292 2 6 8 10 54 292
0 258 0 1 2 6 8 20 32 35 60 77 258
13 269 13 31 201 268 269
1 121 1 2 6 25 33 51 121
1 6 1 2 6
1 15 1 2 6 8 15
0 183 0 1 2 6 8 15 65 183
1 364 1 2 6 8 15 126 364
1 2 1 2
1 15 1 2 6 8 15
44 293 44 293
0 1 0 1
2 150 2 16 40 150
8 29 8 15 29
11 236 11 26 131 236
10 79 10 12 79
8 250 8 10 37 58 76 101 250
6 452 6 8 15 65 183 452
2 59 2 16 22 59
1 36 1 2 6 8 19 36
0 31 0 11 13 31
35 122 35 122
221 426 221 251 368 373 426
10 37 10 37
6 54 6 8 10 54
8 20 8 20
413 420 413 420
173 360 173 360
0 8 0 1 2 6 8
1 266 1 2 6 25 33 51 266
1 304 1 2 6 8 20 32 304
11 185 11 13 31 68 185
1 317 1 2 6 25 33 51 121 211 317
2 8 2 6 8
1 10 1 2 6 8 10
8 300 8 20 32 45 145 147 300
1 8 1 2 6 8
6 9 6 8 9
1 10 1 2 6 8 10
2 276 2 6 25 33 67 103 276
0 25 0 1 2 6 25
0 2 0 1 2
2 19 2 6 8 19
0 2 0 1 2
11 423 11 13 157 208 423
212 330 212 330
38 252 38 128 193 252
51 487 51 266 487
0 176 0 1 2 6 8 10 37 58 76 101 176
1 15 1 2 6 8 15
13 488 13 17 69 488
5 405 5 7 405
1 369 1 2 16 40 57 182 369
7 385 7 62 127 370 385
0 196 0 1 2 6 8 15 29 129 152 155 196
0 132 0 11 13 17 132
2 8 2 6 8
8 245 8 20 32 45 145 147 227 245
11 209 11 26 44 209
1 440 1 18 41 166 440
0 202 0 11 13 202
0 14 0 1 2 6 8 9 14
1 490 1 2 6 25 33 67 159 490
11 31 11 13 31
1 20 1 2 6 8 20
13 31 13 31
0 11 0 11
0 33 0 1 2 6 25 33
6 91 6 8 9 14 91
26 283 26 283
11 229 11 13 23 115 188 229
68 399 68 185 399
0 42 0 1 2 6 8 19 36 42
6 455 6 8 10 12 407 455
2 220 2 6 8 15 29 50 220
11 344 11 26 44 209 222 344
2 3 2 3
11 376 11 13 31 68 185 376
136 242 136 242
14 96 14 96
0 1 0 1
2 37 2 6 8 10 37
0 24 0 1 24
6 29 6 8 15 29
1 3 1 2 3
1 51 1 2 6 25 33 51
13 114 13 23 114
1 292 1 2 6 8 10 54 292
1 10 1 2 6 8 10
0 2 0 1 2
0 11 0 11
10 90 10 12 90
2 240 2 6 8 20 32 35 60 77 213 240
1 171 1 5 7 62 133 171
23 188 23 115 188
0 186 0 1 2 6 8 9 14 186
0 2 0 1 2
1 324 1 2 3 21 324
1 16 1 2 16
2 15 2 6 8 15
32 240 32 35 60 77 213 240
0 145 0 1 2 6 8 20 32 45 145
8 254 8 9 14 186 254
0 1 0 1
0 2 0 1 2
1 8 1 2 6 8
0 1 0 1
2 448 2 6 25 33 48 235 323 396 448
0 1 0 1
11 93 11 13 31 93
6 15 6 8 15
0 1 0 1
0 11 0 11
0 45 0 1 2 6 8 20 32 45
0 213 0 1 2 6 8 20 32 35 60 77 213
6 20 6 8 20
242 380 242 380
5 62 5 7 62
2 6 2 6
60 77 60 77
2 10 2 6 8 10
6 123 6 8 19 36 42 63 94 123
0 51 0 1 2 6 25 33 51
1 339 1 2 6 8 20 32 35 339
10 30 10 30
8 79 8 10 12 79
0 160 0 1 2 6 8 20 32 45 145 160
2 174 2 6 8 10 12 28 64 119 139 142 174
11 374 11 13 17 194 374
1 175 1 2 6 25 175
2 340 2 302 340
2 76 2 6 8 10 37 58 76
1 190 1 2 6 8 10 37 58 190
1 92 1 2 6 8 15 27 92
0 1 0 1
0 122 0 1 2 6 8 20 32 35 122
1 34 1 2 4 34
0 8 0 1 2 6 8
0 208 0 11 13 157 208
6 126 6 8 15 126
6 8 6 8
1 105 1 18 73 105
0 40 0 1 2 16 40
0 268 0 11 13 31 201 268
0 37 0 1 2 6 8 10 37
0 8 0 1 2 6 8
0 17 0 11 13 17
10 98 10 37 98
8 245 8 20 32 45 145 147 227 245
8 19 8 19
16 109 16 22 109
11 69 11 13 17 69
11 26 11 26
5 301 5 7 62 301
41 440 41 166 440
1 6 1 2 6
0 56 0 1 2 6 8 9 56
2 67 2 6 25 33 67
1 2 1 2
6 331 6 8 15 217 237 290 331
6 267 6 8 9 14 91 267
73 305 73 105 233 305
26 294 26 44 209 294
1 388 1 2 6 8 15 29 50 107 282 388
13 17 13 17
6 418 6 8 15 65 418
2 14 2 6 8 9 14
13 130 13 31 93 130
13 437 13 31 93 437
0 87 0 1 2 6 8 20 81 87
0 136 0 11 136
0 261 0 1 2 6 8 20 32 45 261
6 443 6 8 20 32 35 60 77 258 333 443
7 301 7 62 301
13 280 13 31 280
11 93 11 13 31 93
2 25 2 6 25
2 16 2 16
6 25 6 25
0 1 0 1
0 140 0 11 13 31 140
1 414 1 2 6 8 15 27 92 116 414
11 13 11 13
1 2 1 2
8 379 8 15 153 215 379
2 111 2 16 111
44 338 44 338
160 161 160 161
0 2 0 1 2
6 479 6 8 15 153 158 479
11 136 11 136
0 23 0 11 13 23
2 6 2 6
0 22 0 1 2 16 22
0 15 0 1 2 6 8 15
15 424 15 29 129 152 409 424
1 75 1 2 6 8 10 54 75
6 145 6 8 20 32 45 145
35 496 35 339 496
1 8 1 2 6 8
11 104 11 104
0 381 0 381
1 416 1 2 6 25 33 48 235 323 416
0 45 0 1 2 6 8 20 32 45
54 75 54 75
1 126 1 2 6 8 15 126
1 8 1 2 6 8
145 227 145 147 227
0 152 0 1 2 6 8 15 29 129 152
122 404 122 404
45 147 45 145 147
11 192 11 13 31 192
32 145 32 45 145
0 19 0 1 2 6 8 19
6 32 6 8 20 32
37 253 37 253
1 175 1 2 6 25 175
0 146 0 1 2 6 8 10 86 146
0 413 0 1 24 118 413
64 139 64 119 139
2 8 2 6 8
1 71 1 2 6 8 15 29 71
1 2 1 2
2 332 2 6 8 15 29 129 152 155 196 332
0 10 0 1 2 6 8 10
1 2 1 2
1 14 1 2 6 8 9 14
0 44 0 11 26 44
0 1 0 1
2 155 2 6 8 15 29 129 152 155
13 423 13 157 208 423
0 10 0 1 2 6 8 10
6 20 6 8 20
0 13 0 11 13
127 370 127 370
0 22 0 1 2 16 22
0 44 0 11 26 44
1 499 1 2 6 8 10 499
2 8 2 6 8
1 6 1 2 6
1 18 1 18
0 2 0 1 2
6 267 6 8 9 14 91 267
38 128 38 128
8 75 8 10 54 75
0 22 0 1 2 16 22
1 24 1 24
0 3 0 1 2 3
3 55 3 55
2 6 2 6
1 2 1 2
0 4 0 1 2 4
1 3 1 2 3
54 292 54 292
2 8 2 6 8
11 293 11 26 44 293
6 342 6 8 10 37 316 342
31 437 31 93 437
1 10 1 2 6 8 10
1 125 1 2 6 8 15 46 125
12 407 12 407
23 363 23 115 319 363
1 410 1 2 6 8 20 32 304 410
0 2 0 1 2
1 111 1 2 16 111
2 6 2 6
0 1 0 1
0 1 0 1
2 135 2 6 8 19 36 135
1 266 1 2 6 25 33 51 266
30 128 30 38 128
1 158 1 2 6 8 15 153 158
0 20 0 1 2 6 8 20
0 2 0 1 2
2 6 2 6
1 6 1 2 6
1 422 1 2 16 22 88 204 422
2 361 2 6 25 175 361
2 151 2 16 151
75 441 75 134 169 441
1 2 1 2
2 101 2 6 8 10 37 58 76 101
0 13 0 11 13
11 447 11 26 44 209 222 447
2 442 2 6 8 10 86 442
1 429 1 2 3 429
6 172 6 8 15 29 172
6 97 6 8 10 54 75 97
1 486 1 2 6 106 231 486
0 6 0 1 2 6
1 19 1 2 6 8 19
6 332 6 8 15 29 129 152 155 196 332
0 26 0 11 26
13 476 13 31 68 185 476
11 242 11 136 242
2 6 2 6
25 490 25 33 67 159 490
1 15 1 2 6 8 15
0 233 0 1 18 73 105 233
6 8 6 8
11 415 11 13 157 415
0 10 0 1 2 6 8 10
6 219 6 8 10 12 79 219
13 17 13 17
13 93 13 31 93
1 306 1 5 306
33 103 33 67 103
0 32 0 1 2 6 8 20 32
75 169 75 134 169
8 89 8 10 12 79 89
2 361 2 6 25 175 361
10 366 10 30 38 366
0 26 0 11 26
2 414 2 6 8 15 27 92 116 414
0 356 0 1 2 6 8 9 56 356
0 6 0 1 2 6
1 226 1 2 6 8 19 36 42 226
0 10 0 1 2 6 8 10
1 25 1 2 6 25
2 308 2 6 25 33 51 121 211 308
1 67 1 2 6 25 33 67
1 32 1 2 6 8 20 32
0 8 0 1 2 6 8
0 11 0 11
11 115 11 13 23 115
1 16 1 2 16
0 62 0 1 5 7 62
0 38 0 1 2 6 8 10 30 38
51 487 51 266 487
18 440 18 41 166 440
31 352 31 68 185 352
0 79 0 1 2 6 8 10 12 79
0 6 0 1 2 6
0 6 0 1 2 6
2 10 2 6 8 10
1 2 1 2
12 28 12 28
115 363 115 319 363
1 22 1 2 16 22
10 190 10 37 58 190
1 6 1 2 6
23 115 23 115
242 380 242 380
1 238 1 2 6 8 20 32 35 238
1 2 1 2
1 463 1 2 6 8 10 54 75 463
2 6 2 6
209 294 209 294
11 26 11 26
1 214 1 2 6 8 10 30 38 128 214
2 204 2 16 22 88 204
2 478 2 6 8 15 27 228 289 478
2 51 2 6 25 33 51
25 457 25 33 457
132 351 132 351
11 95 11 26 95
6 15 6 8 15
6 323 6 25 33 48 235 323
2 3 2 3
1 10 1 2 6 8 10
209 447 209 222 447
1 8 1 2 6 8
2 8 2 6 8
0 91 0 1 2 6 8 9 14 91
1 79 1 2 6 8 10 12 79
15 65 15 65
0 2 0 1 2
127 385 127 370 385
11 115 11 13 23 115
1 2 1 2
11 69 11 13 17 69
6 398 6 8 10 54 75 303 398
8 45 8 20 32 45
22 109 22 109
2 79 2 6 8 10 12 79
1 7 1 5 7
1 377 1 2 6 8 10 37 58 76 101 176 377
1 129 1 2 6 8 15 29 129
0 1 0 1
1 111 1 2 16 111
8 9 8 9
37 256 37 58 76 101 176 225 256
1 340 1 2 302 340
0 1 0 1
1 244 1 2 6 8 20 32 35 122 223 244
0 132 0 11 13 17 132
1 25 1 2 6 25
0 381 0 381
1 32 1 2 6 8 20 32
1 15 1 2 6 8 15
1 178 1 178
0 79 0 1 2 6 8 10 12 79
2 215 2 6 8 15 153 215
0 209 0 11 26 44 209
15 379 15 153 215 379
32 60 32 35 60
0 231 0 1 2 6 106 231
0 381 0 381
0 185 0 11 13 31 68 185
0 2 0 1 2
0 33 0 1 2 6 25 33
101 176 101 176
0 31 0 11 13 31
1 8 1 2 6 8
1 7 1 5 7
1 6 1 2 6
2 122 2 6 8 20 32 35 122
11 13 11 13
33 494 33 48 235 323 396 448 494
10 239 10 37 58 84 102 239
0 33 0 1 2 6 25 33
0 13 0 11 13
2 258 2 6 8 20 32 35 60 77 258
1 474 1 2 6 8 10 474
0 42 0 1 2 6 8 19 36 42
104 297 104 297
175 361 175 361
32 35 32 35
183 450 183 315 450
60 77 60 77
0 19 0 1 2 6 8 19
3 324 3 21 324
0 67 0 1 2 6 25 33 67
11 44 11 26 44
0 361 0 1 2 6 25 175 361
0 10 0 1 2 6 8 10
242 318 242 318
11 132 11 13 17 132
25 43 25 43
0 1 0 1
0 46 0 1 2 6 8 15 46
2 32 2 6 8 20 32
0 11 0 11
2 129 2 6 8 15 29 129
0 8 0 1 2 6 8
0 1 0 1
2 34 2 4 34
63 123 63 94 123
121 143 121 143
0 8 0 1 2 6 8
51 143 51 121 143
0 1 0 1
2 221 2 6 113 221
132 386 132 184 386
0 19 0 1 2 6 8 19
0 1 0 1
26 338 26 44 338
6 91 6 8 9 14 91
0 191 0 11 26 131 191
11 131 11 26 131
2 40 2 16 40
33 48 33 48
2 353 2 6 8 20 32 45 261 353
11 209 11 26 44 209
2 19 2 6 8 19
1 10 1 2 6 8 10
242 380 242 380
6 71 6 8 15 29 71
0 26 0 11 26
1 211 1 2 6 25 33 51 121 211
0 302 0 1 2 302
0 33 0 1 2 6 25 33
1 463 1 2 6 8 10 54 75 463
0 17 0 11 13 17
1 6 1 2 6
1 25 1 2 6 25
0 2 0 1 2
0 42 0 1 2 6 8 19 36 42
119 174 119 139 142 174
1 490 1 2 6 25 33 67 159 490
1 91 1 2 6 8 9 14 91
13 17 13 17
11 26 11 26
2 12 2 6 8 10 12
1 305 1 18 73 105 233 305
1 2 1 2
11 283 11 26 283
0 31 0 11 13 31
0 83 0 1 2 6 8 10 12 83
0 137 0 11 13 31 93 137
11 95 11 26 95
1 276 1 2 6 25 33 67 103 276
1 83 1 2 6 8 10 12 83
51 121 51 121
22 181 22 109 164 181
0 11 0 11
25 490 25 33 67 159 490
0 8 0 1 2 6 8
11 26 11 26
132 351 132 351
0 4 0 1 2 4
8 61 8 9 56 61
0 233 0 1 18 73 105 233
0 38 0 1 2 6 8 10 30 38
0 10 0 1 2 6 8 10
1 10 1 2 6 8 10
2 14 2 6 8 9 14
0 28 0 1 2 6 8 10 12 28
8 12 8 10 12
0 8 0 1 2 6 8
2 16 2 16
368 373 368 373
13 93 13 31 93
0 17 0 11 13 17
1 103 1 2 6 25 33 67 103
0 19 0 1 2 6 8 19
2 35 2 6 8 20 32 35
18 305 18 73 105 233 305
1 10 1 2 6 8 10
1 8 1 2 6 8
8 285 8 10 12 28 64 119 139 142 174 285
1 4 1 2 4
20 177 20 32 35 177
0 2 0 1 2
2 287 2 3 21 287
1 467 1 2 16 40 57 467
13 31 13 31
6 71 6 8 15 29 71
1 365 1 2 6 8 15 153 158 365
1 51 1 2 6 25 33 51
0 392 0 11 13 23 115 173 197 392
1 200 1 2 4 200
1 50 1 2 6 8 15 29 50
0 11 0 11
6 409 6 8 15 29 129 152 409
0 4 0 1 2 4
11 170 11 13 31 49 170
0 38 0 1 2 6 8 10 30 38
0 21 0 1 2 3 21
1 479 1 2 6 8 15 153 158 479
6 32 6 8 20 32
8 183 8 15 65 183
1 167 1 2 6 25 33 51 167
11 31 11 13 31
0 20 0 1 2 6 8 20
1 155 1 2 6 8 15 29 129 152 155
1 16 1 2 16
0 32 0 1 2 6 8 20 32
8 32 8 20 32
2 139 2 6 8 10 12 28 64 119 139
11 280 11 13 31 280
2 8 2 6 8
2 6 2 6
0 33 0 1 2 6 25 33
1 20 1 2 6 8 20
8 216 8 10 12 79 165 207 216
2 158 2 6 8 15 153 158
16 492 16 22 109 164 299 492
1 30 1 2 6 8 10 30
304 410 304 410
8 258 8 20 32 35 60 77 258
2 32 2 6 8 20 32
8 58 8 10 37 58
2 15 2 6 8 15
13 495 13 31 140 495
1 25 1 2 6 25
1 276 1 2 6 25 33 67 103 276
85 156 85 156
2 112 2 16 22 59 112
1 8 1 2 6 8
6 487 6 25 33 51 266 487
0 1 0 1
128 252 128 193 252
11 319 11 13 23 115 319
1 64 1 2 6 8 10 12 28 64
0 1 0 1
2 29 2 6 8 15 29
2 442 2 6 8 10 86 442
0 236 0 11 26 131 236
6 56 6 8 9 56
0 222 0 11 26 44 209 222
194 374 194 374
1 15 1 2 6 8 15
37 247 37 247
8 481 8 10 37 58 84 102 239 481
152 155 152 155
1 9 1 2 6 8 9
0 25 0 1 2 6 25
8 19 8 19
1 8 1 2 6 8
2 29 2 6 8 15 29
2 14 2 6 8 9 14
2 135 2 6 8 19 36 135
1 59 1 2 16 22 59
11 26 11 26
0 6 0 1 2 6
0 8 0 1 2 6 8
1 18 1 18
6 92 6 8 15 27 92
11 31 11 13 31
11 17 11 13 17
0 136 0 11 136
11 248 11 26 248
251 426 251 368 373 426
0 158 0 1 2 6 8 15 153 158
1 6 1 2 6
13 411 13 202 310 411
1 12 1 2 6 8 10 12
0 23 0 11 13 23
43 199 43 85 156 199
1 355 1 2 6 25 33 51 121 143 355
24 413 24 118 413
0 107 0 1 2 6 8 15 29 50 107
1 486 1 2 6 106 231 486
2 79 2 6 8 10 12 79
2 43 2 6 25 43
1 2 1 2
6 92 6 8 15 27 92
8 161 8 20 32 45 145 160 161
8 14 8 9 14
0 31 0 11 13 31
2 228 2 6 8 15 27 228
8 9 8 9
26 447 26 44 209 222 447
1 7 1 5 7
2 369 2 16 40 57 182 369
10 54 10 54
0 19 0 1 2 6 8 19
1 32 1 2 6 8 20 32
1 2 1 2
0 29 0 1 2 6 8 15 29
0 6 0 1 2 6
8 75 8 10 54 75
1 133 1 5 7 62 133
6 153 6 8 15 153
62 385 62 127 370 385
11 329 11 13 17 69 284 313 329
13 488 13 17 69 488
1 8 1 2 6 8
13 31 13 31
11 13 11 13
0 15 0 1 2 6 8 15
0 2 0 1 2
1 25 1 2 6 25
0 2 0 1 2
2 481 2 6 8 10 37 58 84 102 239 481
6 8 6 8
1 317 1 2 6 25 33 51 121 211 317
8 176 8 10 37 58 76 101 176
6 8 6 8
2 14 2 6 8 9 14
2 15 2 6 8 15
2 10 2 6 8 10
37 76 37 58 76
1 178 1 178
1 21 1 2 3 21
13 270 13 17 69 270
13 144 13 23 144
6 425 6 25 33 48 425
2 246 2 4 246
0 93 0 11 13 31 93
2 48 2 6 25 33 48
11 26 11 26
0 36 0 1 2 6 8 19 36
8 145 8 20 32 45 145
1 4 1 2 4
8 406 8 9 56 356 406
26 131 26 131
1 8 1 2 6 8
1 24 1 24
0 24 0 1 24
0 39 0 39
0 62 0 1 5 7 62
0 158 0 1 2 6 8 15 153 158
31 476 31 68 185 476
13 31 13 31
37 58 37 58
2 80 2 16 22 80
6 244 6 8 20 32 35 122 223 244
1 2 1 2
6 448 6 25 33 48 235 323 396 448
11 411 11 13 202 310 411
6 8 6 8
0 63 0 1 2 6 8 19 36 42 63
1 450 1 2 6 8 15 65 183 315 450
20 45 20 32 45
6 15 6 8 15
2 16 2 16
0 13 0 11 13
0 31 0 11 13 31
1 19 1 2 6 8 19
2 36 2 6 8 19 36
1 279 1 2 6 8 15 27 92 279
12 142 12 28 64 119 139 142
6 288 6 8 20 32 35 177 288
2 176 2 6 8 10 37 58 76 101 176
0 89 0 1 2 6 8 10 12 79 89
0 2 0 1 2
0 39 0 39
13 31 13 31
8 498 8 10 86 146 234 335 348 498
1 2 1 2
47 435 47 435
0 381 0 381
0 106 0 1 2 6 106
0 17 0 11 13 17
20 45 20 32 45
6 10 6 8 10
0 20 0 1 2 6 8 20
6 54 6 8 10 54
24 275 24 275
2 486 2 6 106 231 486
2 8 2 6 8
6 25 6 25
0 49 0 11 13 31 49
11 271 11 13 31 49 170 271
11 13 11 13
15 29 15 29
0 13 0 11 13
2 42 2 6 8 19 36 42
17 194 17 194
1 4 1 2 4
2 134 2 6 8 10 54 75 134
1 419 1 2 6 25 33 51 121 143 355 419
1 25 1 2 6 25
1 417 1 2 6 8 15 29 71 417
1 36 1 2 6 8 19 36
0 37 0 1 2 6 8 10 37
26 344 26 44 209 222 344
0 79 0 1 2 6 8 10 12 79
0 8 0 1 2 6 8
0 18 0 1 18
13 351 13 17 132 351
0 13 0 11 13
1 431 1 2 6 8 19 431
0 1 0 1
0 2 0 1 2
0 137 0 11 13 31 93 137
0 29 0 1 2 6 8 15 29
2 79 2 6 8 10 12 79
1 409 1 2 6 8 15 29 129 152 409
1 353 1 2 6 8 20 32 45 261 353
8 54 8 10 54
0 11 0 11
11 26 11 26
2 111 2 16 111
0 62 0 1 5 7 62
13 173 13 23 115 173
6 10 6 8 10
11 269 11 13 31 201 268 269
0 31 0 11 13 31
8 78 8 9 14 78
0 136 0 11 136
0 63 0 1 2 6 8 19 36 42 63
6 320 6 8 15 162 205 320
204 422 204 422
0 121 0 1 2 6 25 33 51 121
0 217 0 1 2 6 8 15 217
0 68 0 11 13 31 68
0 236 0 11 26 131 236
184 386 184 386
0 107 0 1 2 6 8 15 29 50 107
0 13 0 11 13
22 372 22 80 372
1 141 1 2 6 8 20 32 141
1 301 1 5 7 62 301
1 288 1 2 6 8 20 32 35 177 288
1 308 1 2 6 25 33 51 121 211 308
1 12 1 2 6 8 10 12
64 471 64 119 139 387 471
13 132 13 17 132
0 4 0 1 2 4
1 4 1 2 4
1 9 1 2 6 8 9
1 135 1 2 6 8 19 36 135
1 3 1 2 3
0 11 0 11
0 47 0 11 26 47
0 47 0 11 26 47
1 164 1 2 16 22 109 164
0 209 0 11 26 44 209
0 458 0 11 13 17 194 458
0 139 0 1 2 6 8 10 12 28 64 119 139
6 71 6 8 15 29 71
0 17 0 11 13 17
1 2 1 2
153 158 153 158
0 2 0 1 2
22 372 22 80 372
2 8 2 6 8
0 93 0 11 13 31 93
30 395 30 395
0 139 0 1 2 6 8 10 12 28 64 119 139
1 350 1 2 6 25 33 51 121 211 317 350
1 356 1 2 6 8 9 56 356
1 178 1 178
11 294 11 26 44 209 294
35 60 35 60
0 1 0 1
43 156 43 85 156
1 102 1 2 6 8 10 37 58 84 102
1 51 1 2 6 25 33 51
0 6 0 1 2 6
6 28 6 8 10 12 28
6 8 6 8
0 1 0 1
0 17 0 11 13 17
0 2 0 1 2
11 321 11 13 17 69 284 321
0 109 0 1 2 16 22 109
109 164 109 164
0 407 0 1 2 6 8 10 12 407
13 224 13 31 93 137 224
11 224 11 13 31 93 137 224
0 26 0 11 26
2 15 2 6 8 15
6 8 6 8
22 422 22 88 204 422
0 2 0 1 2
1 3 1 2 3
1 451 1 2 6 8 10 37 316 451
0 26 0 11 26
0 160 0 1 2 6 8 20 32 45 145 160
8 475 8 20 32 45 145 147 475
0 18 0 1 18
19 36 19 36
0 175 0 1 2 6 25 175
25 323 25 33 48 235 323
71 417 71 417
1 4 1 2 4
0 22 0 1 2 16 22
2 100 2 4 34 100
1 6 1 2 6
0 18 0 1 18
2 462 2 16 40 462
0 30 0 1 2 6 8 10 30
0 23 0 11 13 23
11 319 11 13 23 115 319
0 121 0 1 2 6 25 33 51 121
0 443 0 1 2 6 8 20 32 35 60 77 258 333 443
1 64 1 2 6 8 10 12 28 64
0 196 0 1 2 6 8 15 29 129 152 155 196
0 48 0 1 2 6 25 33 48
2 32 2 6 8 20 32
1 30 1 2 6 8 10 30
8 36 8 19 36
0 413 0 1 24 118 413
1 66 1 2 6 25 33 48 66
79 219 79 219
8 37 8 10 37
2 332 2 6 8 15 29 129 152 155 196 332
0 1 0 1
0 2 0 1 2
0 10 0 1 2 6 8 10
0 11 0 11
168 408 168 408
0 1 0 1
10 58 10 37 58
0 8 0 1 2 6 8
1 175 1 2 6 25 175
1 18 1 18
1 6 1 2 6
13 202 13 202
8 20 8 20
2 6 2 6
1 171 1 5 7 62 133 171
11 352 11 13 31 68 185 352
0 289 0 1 2 6 8 15 27 228 289
0 11 0 11
0 242 0 11 136 242
1 6 1 2 6
1 444 1 18 444
2 48 2 6 25 33 48
13 31 13 31
2 135 2 6 8 19 36 135
17 489 17 194 458 489
62 133 62 133
8 371 8 15 371
13 17 13 17
1 42 1 2 6 8 19 36 42
7 62 7 62
13 224 13 31 93 137 224
1 2 1 2
1 6 1 2 6
1 62 1 5 7 62
237 402 237 314 402
0 175 0 1 2 6 25 175
1 42 1 2 6 8 19 36 42
0 114 0 11 13 23 114
8 45 8 20 32 45
0 59 0 1 2 16 22 59
132 184 132 184
73 305 73 105 233 305
1 75 1 2 6 8 10 54 75
136 242 136 242
0 130 0 11 13 31 93 130
16 378 16 151 378
0 284 0 11 13 17 69 284
1 35 1 2 6 8 20 32 35
6 8 6 8
11 13 11 13
1 2 1 2
2 302 2 302
1 267 1 2 6 8 9 14 91 267
1 62 1 5 7 62
21 324 21 324
1 8 1 2 6 8
0 130 0 11 13 31 93 130
0 290 0 1 2 6 8 15 217 237 290
1 2 1 2
13 17 13 17
0 93 0 11 13 31 93
0 174 0 1 2 6 8 10 12 28 64 119 139 142 174
0 381 0 381
11 224 11 13 31 93 137 224
8 97 8 10 54 75 97
0 17 0 11 13 17
32 475 32 45 145 147 475
1 16 1 2 16
25 449 25 33 449
0 140 0 11 13 31 140
1 6 1 2 6
1 58 1 2 6 8 10 37 58
31 399 31 68 185 399
0 11 0 11
1 55 1 2 3 55
0 2 0 1 2
11 191 11 26 131 191
0 26 0 11 26
0 2 0 1 2
1 123 1 2 6 8 19 36 42 63 94 123
11 26 11 26
1 30 1 2 6 8 10 30
1 232 1 2 6 8 10 37 58 76 232
2 122 2 6 8 20 32 35 122
1 51 1 2 6 25 33 51
2 57 2 16 40 57
1 119 1 2 6 8 10 12 28 64 119
1 91 1 2 6 8 9 14 91
42 124 42 124
2 6 2 6
2 369 2 16 40 57 182 369
6 316 6 8 10 37 316
54 398 54 75 303 398
2 8 2 6 8
11 95 11 26 95
15 183 15 65 183
1 164 1 2 16 22 109 164
0 302 0 1 2 302
0 1 0 1
0 27 0 1 2 6 8 15 27
2 243 2 6 8 15 29 129 152 155 196 243
25 33 25 33
1 63 1 2 6 8 19 36 42 63
11 325 11 26 131 191 325
0 6 0 1 2 6
8 124 8 19 36 42 124
6 15 6 8 15
0 196 0 1 2 6 8 15 29 129 152 155 196
8 96 8 9 14 96
1 34 1 2 4 34
1 2 1 2
1 7 1 5 7
0 51 0 1 2 6 25 33 51
8 99 8 9 14 91 99
1 215 1 2 6 8 15 153 215
2 67 2 6 25 33 67
2 119 2 6 8 10 12 28 64 119
0 19 0 1 2 6 8 19
284 329 284 313 329
152 155 152 155
13 93 13 31 93
1 246 1 2 4 246
6 25 6 25
2 123 2 6 8 19 36 42 63 94 123
115 249 115 249
0 303 0 1 2 6 8 10 54 75 303
0 13 0 11 13
29 155 29 129 152 155
1 466 1 2 6 8 9 14 96 108 466
1 207 1 2 6 8 10 12 79 165 207
0 11 0 11
33 487 33 51 266 487
0 2 0 1 2
1 431 1 2 6 8 19 431
13 188 13 23 115 188
8 28 8 10 12 28
0 10 0 1 2 6 8 10
0 39 0 39
2 57 2 16 40 57
2 12 2 6 8 10 12
6 138 6 8 19 138
2 111 2 16 111
0 3 0 1 2 3
1 2 1 2
6 348 6 8 10 86 146 234 335 348
0 157 0 11 13 157
0 29 0 1 2 6 8 15 29
11 249 11 13 23 115 249
2 390 2 6 8 20 32 35 60 77 258 390
11 115 11 13 23 115
29 243 29 129 152 155 196 243
1 96 1 2 6 8 9 14 96
6 10 6 8 10
1 33 1 2 6 25 33
1 2 1 2
13 69 13 17 69
0 103 0 1 2 6 25 33 67 103
0 38 0 1 2 6 8 10 30 38
26 343 26 131 343
1 16 1 2 16
6 153 6 8 15 153
0 1 0 1
1 6 1 2 6
0 88 0 1 2 16 22 88
1 103 1 2 6 25 33 67 103
8 64 8 10 12 28 64
2 27 2 6 8 15 27
1 57 1 2 16 40 57
0 2 0 1 2
13 17 13 17
0 11 0 11
0 8 0 1 2 6 8
2 108 2 6 8 9 14 96 108
0 131 0 11 26 131
1 305 1 18 73 105 233 305
11 249 11 13 23 115 249
31 192 31 192
0 119 0 1 2 6 8 10 12 28 64 119
10 75 10 54 75
2 22 2 16 22
0 62 0 1 5 7 62
28 119 28 64 119
0 15 0 1 2 6 8 15
13 115 13 23 115
1 324 1 2 3 21 324
1 6 1 2 6
0 16 0 1 2 16
0 39 0 39
1 2 1 2
1 6 1 2 6
207 216 207 216
1 147 1 2 6 8 20 32 45 145 147
19 36 19 36
11 241 11 13 31 49 241
2 193 2 6 8 10 30 38 128 193
0 253 0 1 2 6 8 10 37 253
1 8 1 2 6 8
11 23 11 13 23
1 10 1 2 6 8 10
12 119 12 28 64 119
0 316 0 1 2 6 8 10 37 316
69 488 69 488
0 68 0 11 13 31 68
6 33 6 25 33
1 129 1 2 6 8 15 29 129
0 23 0 11 13 23
121 439 121 211 439
11 270 11 13 17 69 270
33 425 33 48 425
1 8 1 2 6 8
11 26 11 26
10 139 10 12 28 64 119 139
0 8 0 1 2 6 8
1 10 1 2 6 8 10
11 13 11 13
11 312 11 13 17 132 312
1 342 1 2 6 8 10 37 316 342
0 391 0 11 13 31 93 149 326 391
1 16 1 2 16
222 447 222 447
0 8 0 1 2 6 8
23 465 23 115 465
0 339 0 1 2 6 8 20 32 35 339
6 409 6 8 15 29 129 152 409
2 37 2 6 8 10 37
11 497 11 13 17 497
0 164 0 1 2 16 22 109 164
0 3 0 1 2 3
11 157 11 13 157
133 171 133 171
6 19 6 8 19
1 2 1 2
87 154 87 154
9 359 9 14 186 254 359
0 17 0 11 13 17
1 73 1 18 73
1 6 1 2 6
186 254 186 254
11 241 11 13 31 49 241
2 20 2 6 8 20
0 62 0 1 5 7 62
19 63 19 36 42 63
1 27 1 2 6 8 15 27
0 185 0 11 13 31 68 185
0 93 0 11 13 31 93
0 15 0 1 2 6 8 15
2 220 2 6 8 15 29 50 220
1 62 1 5 7 62
8 32 8 20 32
0 1 0 1
0 75 0 1 2 6 8 10 54 75
2 340 2 302 340
37 176 37 58 76 101 176
6 455 6 8 10 12 407 455
0 184 0 11 13 17 132 184
1 15 1 2 6 8 15
8 15 8 15
1 155 1 2 6 8 15 29 129 152 155
1 275 1 24 275
1 62 1 5 7 62
2 4 2 4
139 195 139 195
1 20 1 2 6 8 20
1 8 1 2 6 8
11 363 11 13 23 115 319 363
0 8 0 1 2 6 8
26 283 26 283
1 45 1 2 6 8 20 32 45
76 225 76 101 176 225
0 381 0 381
8 125 8 15 46 125
0 401 0 1 2 6 8 9 14 96 401
15 65 15 65
6 36 6 8 19 36
1 34 1 2 4 34
1 272 1 2 6 25 33 67 103 272
1 15 1 2 6 8 15
8 75 8 10 54 75
0 14 0 1 2 6 8 9 14
1 499 1 2 6 8 10 499
0 1 0 1
1 15 1 2 6 8 15
0 2 0 1 2
1 145 1 2 6 8 20 32 45 145
23 115 23 115
0 40 0 1 2 16 40
2 16 2 16
0 333 0 1 2 6 8 20 32 35 60 77 258 333
2 211 2 6 25 33 51 121 211
11 391 11 13 31 93 149 326 391
0 94 0 1 2 6 8 19 36 42 63 94
13 313 13 17 69 284 313
1 45 1 2 6 8 20 32 45
6 9 6 8 9
11 201 11 13 31 201
6 223 6 8 20 32 35 122 223
0 370 0 1 5 7 62 127 370
0 6 0 1 2 6
1 226 1 2 6 8 19 36 42 226
6 8 6 8
1 10 1 2 6 8 10
49 170 49 170
2 348 2 6 8 10 86 146 234 335 348
10 79 10 12 79
0 153 0 1 2 6 8 15 153
0 39 0 39
25 43 25 43
0 319 0 11 13 23 115 319
2 6 2 6
8 60 8 20 32 35 60
0 1 0 1
0 242 0 11 136 242
15 237 15 217 237
1 263 1 2 6 8 9 14 186 254 263
10 37 10 37
0 44 0 11 26 44
221 426 221 251 368 373 426
0 6 0 1 2 6
0 458 0 11 13 17 194 458
129 433 129 152 409 424 433
13 31 13 31
0 8 0 1 2 6 8
0 71 0 1 2 6 8 15 29 71
26 131 26 131
16 467 16 40 57 467
16 164 16 22 109 164
0 93 0 11 13 31 93
1 182 1 2 16 40 57 182
2 107 2 6 8 15 29 50 107
1 277 1 18 277
1 483 1 2 6 8 20 32 35 238 483
0 65 0 1 2 6 8 15 65
2 464 2 6 8 9 14 78 428 464
1 354 1 2 6 25 33 48 66 354
2 179 2 6 8 10 30 179
2 8 2 6 8
2 100 2 4 34 100
0 51 0 1 2 6 25 33 51
16 180 16 22 59 180
11 26 11 26
5 405 5 7 405
45 300 45 145 147 300
11 294 11 26 44 209 294
0 13 0 11 13
23 144 23 144
11 468 11 13 31 68 185 352 468
0 196 0 1 2 6 8 15 29 129 152 155 196
13 271 13 31 49 170 271
6 456 6 8 10 12 79 89 456
0 42 0 1 2 6 8 19 36 42
1 434 1 2 3 82 434
6 238 6 8 20 32 35 238
3 55 3 55
6 308 6 25 33 51 121 211 308
2 14 2 6 8 9 14
1 54 1 2 6 8 10 54
0 145 0 1 2 6 8 20 32 45 145
11 49 11 13 31 49
0 8 0 1 2 6 8
13 423 13 157 208 423
13 374 13 17 194 374
13 280 13 31 280
0 8 0 1 2 6 8
1 18 1 18
1 2 1 2
1 56 1 2 6 8 9 56
1 12 1 2 6 8 10 12
6 36 6 8 19 36
2 33 2 6 25 33
1 10 1 2 6 8 10
16 22 16 22
15 129 15 29 129
13 93 13 31 93
0 32 0 1 2 6 8 20 32
0 8 0 1 2 6 8
11 26 11 26
0 185 0 11 13 31 68 185
0 228 0 1 2 6 8 15 27 228
11 497 11 13 17 497
16 372 16 22 80 372
157 403 157 208 403
1 6 1 2 6
0 64 0 1 2 6 8 10 12 28 64
0 31 0 11 13 31
17 489 17 194 458 489
17 69 17 69
10 480 10 37 58 84 102 472 480
0 1 0 1
0 83 0 1 2 6 8 10 12 83
1 73 1 18 73
0 10 0 1 2 6 8 10
10 139 10 12 28 64 119 139
0 1 0 1
16 109 16 22 109
1 7 1 5 7
1 178 1 178
1 479 1 2 6 8 15 153 158 479
2 384 2 6 25 43 309 384
6 219 6 8 10 12 79 219
8 10 8 10
0 243 0 1 2 6 8 15 29 129 152 155 196 243
1 404 1 2 6 8 20 32 35 122 404
8 15 8 15
71 337 71 337
2 215 2 6 8 15 153 215
0 10 0 1 2 6 8 10
1 25 1 2 6 25
15 29 15 29
2 9 2 6 8 9
2 6 2 6
2 187 2 6 25 175 187
0 11 0 11
0 64 0 1 2 6 8 10 12 28 64
57 182 57 182
1 490 1 2 6 25 33 67 159 490
1 16 1 2 16
8 9 8 9
8 388 8 15 29 50 107 282 388
1 72 1 2 6 25 33 72
6 155 6 8 15 29 129 152 155
1 2 1 2
11 93 11 13 31 93
6 158 6 8 15 153 158
0 1 0 1
106 486 106 231 486
1 8 1 2 6 8
1 161 1 2 6 8 20 32 45 145 160 161
31 185 31 68 185
2 25 2 6 25
1 462 1 2 16 40 462
2 6 2 6
0 36 0 1 2 6 8 19 36
31 68 31 68
1 445 1 2 6 25 33 51 121 143 355 445
8 15 8 15
0 185 0 11 13 31 68 185
0 290 0 1 2 6 8 15 217 237 290
2 111 2 16 111
1 18 1 18
0 185 0 11 13 31 68 185
11 13 11 13
1 16 1 2 16
131 236 131 236
8 375 8 10 30 375
1 6 1 2 6
0 11 0 11
0 13 0 11 13
11 115 11 13 23 115
0 2 0 1 2
0 8 0 1 2 6 8
0 204 0 1 2 16 22 88 204
0 381 0 381
0 73 0 1 18 73
11 157 11 13 157
6 320 6 8 15 162 205 320
31 192 31 192
0 32 0 1 2 6 8 20 32
29 50 29 50
2 8 2 6 8
0 11 0 11
0 46 0 1 2 6 8 15 46
2 29 2 6 8 15 29
8 32 8 20 32
0 39 0 39
8 10 8 10
1 8 1 2 6 8
1 19 1 2 6 8 19
6 12 6 8 10 12
2 25 2 6 25
1 429 1 2 3 429
2 279 2 6 8 15 27 92 279
0 43 0 1 2 6 25 43
1 4 1 2 4
0 31 0 11 13 31
1 138 1 2 6 8 19 138
10 174 10 12 28 64 119 139 142 174
5 405 5 7 405
50 107 50 107
1 153 1 2 6 8 15 153
1 8 1 2 6 8
1 212 1 2 16 22 88 212
1 6 1 2 6
13 23 13 23
2 8 2 6 8
11 269 11 13 31 201 268 269
8 96 8 9 14 96
2 37 2 6 8 10 37
16 40 16 40
1 388 1 2 6 8 15 29 50 107 282 388
0 93 0 11 13 31 93
0 223 0 1 2 6 8 20 32 35 122 223
6 254 6 8 9 14 186 254
0 93 0 11 13 31 93
0 2 0 1 2
0 29 0 1 2 6 8 15 29
5 405 5 7 405
2 332 2 6 8 15 29 129 152 155 196 332
15 371 15 371
15 29 15 29
0 11 0 11
0 6 0 1 2 6
1 3 1 2 3
0 2 0 1 2
2 4 2 4
2 45 2 6 8 20 32 45
0 1 0 1
1 262 1 2 16 22 109 262
11 44 11 26 44
2 453 2 6 8 10 37 58 76 101 176 225 256 328 453
1 460 1 2 6 8 20 32 45 145 460
0 197 0 11 13 23 115 173 197
0 6 0 1 2 6
8 38 8 10 30 38
16 57 16 40 57
11 157 11 13 157
24 275 24 275
1 45 1 2 6 8 20 32 45
1 189 1 5 7 62 133 171 189
0 302 0 1 2 302
0 17 0 11 13 17
0 235 0 1 2 6 25 33 48 235
27 228 27 228
0 153 0 1 2 6 8 15 153
0 17 0 11 13 17
1 412 1 2 6 8 15 126 412
1 2 1 2
2 320 2 6 8 15 162 205 320
21 287 21 287
2 128 2 6 8 10 30 38 128
2 4 2 4
1 6 1 2 6
2 276 2 6 25 33 67 103 276
2 494 2 6 25 33 48 235 323 396 448 494
8 50 8 15 29 50
0 13 0 11 13
0 143 0 1 2 6 25 33 51 121 143
11 23 11 13 23
1 8 1 2 6 8
6 32 6 8 20 32
1 364 1 2 6 8 15 126 364
1 6 1 2 6
0 62 0 1 5 7 62
11 13 11 13
2 142 2 6 8 10 12 28 64 119 139 142
0 6 0 1 2 6
0 6 0 1 2 6
0 63 0 1 2 6 8 19 36 42 63
1 10 1 2 6 8 10
8 359 8 9 14 186 254 359
2 65 2 6 8 15 65
0 35 0 1 2 6 8 20 32 35
1 371 1 2 6 8 15 371
13 17 13 17
11 248 11 26 248
11 13 11 13
13 184 13 17 132 184
0 2 0 1 2
6 135 6 8 19 36 135
1 34 1 2 4 34
217 454 217 237 314 402 454
0 41 0 1 18 41
6 463 6 8 10 54 75 463
2 6 2 6
0 317 0 1 2 6 25 33 51 121 211 317
2 128 2 6 8 10 30 38 128
104 297 104 297
1 2 1 2
2 38 2 6 8 10 30 38
0 19 0 1 2 6 8 19
11 325 11 26 131 191 325
0 128 0 1 2 6 8 10 30 38 128
1 200 1 2 4 200
11 26 11 26
0 39 0 39
10 335 10 86 146 234 335
32 45 32 45
51 317 51 121 211 317
8 407 8 10 12 407
24 420 24 118 413 420
0 21 0 1 2 3 21
1 2 1 2
31 495 31 140 495
6 237 6 8 15 217 237
1 6 1 2 6
1 486 1 2 6 106 231 486
1 441 1 2 6 8 10 54 75 134 169 441
2 16 2 16
1 8 1 2 6 8
1 16 1 2 16
0 10 0 1 2 6 8 10
8 240 8 20 32 35 60 77 213 240
2 193 2 6 8 10 30 38 128 193
2 252 2 6 8 10 30 38 128 193 252
2 55 2 3 55
6 10 6 8 10
6 98 6 8 10 37 98
0 14 0 1 2 6 8 9 14
49 271 49 170 271
13 403 13 157 208 403
18 277 18 277
2 48 2 6 25 33 48
57 369 57 182 369
0 268 0 11 13 31 201 268
0 6 0 1 2 6
11 17 11 13 17
1 35 1 2 6 8 20 32 35
1 384 1 2 6 25 43 309 384
0 6 0 1 2 6
0 171 0 1 5 7 62 133 171
115 363 115 319 363
25 33 25 33
2 378 2 16 151 378
0 25 0 1 2 6 25
11 136 11 136
13 23 13 23
2 323 2 6 25 33 48 235 323
17 69 17 69
2 358 2 6 8 15 29 129 152 155 196 332 358
1 472 1 2 6 8 10 37 58 84 102 472
2 81 2 6 8 20 81
1 238 1 2 6 8 20 32 35 238
0 10 0 1 2 6 8 10
0 37 0 1 2 6 8 10 37
6 66 6 25 33 48 66
6 196 6 8 15 29 129 152 155 196
41 166 41 166
0 6 0 1 2 6
2 8 2 6 8
2 6 2 6
57 467 57 467
2 373 2 6 113 221 251 368 373
0 4 0 1 2 4
11 95 11 26 95
0 1 0 1
1 263 1 2 6 8 9 14 186 254 263
0 174 0 1 2 6 8 10 12 28 64 119 139 142 174
1 6 1 2 6
0 472 0 1 2 6 8 10 37 58 84 102 472
0 212 0 1 2 16 22 88 212
0 1 0 1
8 110 8 10 12 79 110
1 150 1 2 16 40 150
1 444 1 18 444
51 355 51 121 143 355
1 25 1 2 6 25
8 320 8 15 162 205 320
11 44 11 26 44
17 184 17 132 184
2 138 2 6 8 19 138
1 110 1 2 6 8 10 12 79 110
1 142 1 2 6 8 10 12 28 64 119 139 142
0 42 0 1 2 6 8 19 36 42
13 346 13 31 201 346
11 194 11 13 17 194
0 2 0 1 2
0 137 0 11 13 31 93 137
6 498 6 8 10 86 146 234 335 348 498
26 283 26 283
17 351 17 132 351
6 322 6 8 20 32 45 322
0 316 0 1 2 6 8 10 37 316
6 165 6 8 10 12 79 165
0 39 0 39
17 194 17 194
1 8 1 2 6 8
8 307 8 15 46 307
1 405 1 5 7 405
47 435 47 435
2 6 2 6
6 19 6 8 19
1 80 1 2 16 22 80
0 6 0 1 2 6
11 209 11 26 44 209
6 138 6 8 19 138
1 6 1 2 6
2 362 2 16 22 59 311 362
119 260 119 139 142 174 260
1 172 1 2 6 8 15 29 172
2 75 2 6 8 10 54 75
73 105 73 105
2 6 2 6
0 10 0 1 2 6 8 10
0 27 0 1 2 6 8 15 27
8 356 8 9 56 356
1 19 1 2 6 8 19
26 283 26 283
0 147 0 1 2 6 8 20 32 45 145 147
1 8 1 2 6 8
25 439 25 33 51 121 211 439
26 435 26 47 435
1 2 1 2
2 250 2 6 8 10 37 58 76 101 250
0 1 0 1
5 62 5 7 62
0 26 0 11 26
0 49 0 11 13 31 49
8 64 8 10 12 28 64
16 112 16 22 59 112
0 339 0 1 2 6 8 20 32 35 339
31 268 31 201 268
0 284 0 11 13 17 69 284
0 212 0 1 2 16 22 88 212
2 15 2 6 8 15
6 121 6 25 33 51 121
0 1 0 1
0 131 0 11 26 131
0 14 0 1 2 6 8 9 14
0 23 0 11 13 23
26 283 26 283
26 338 26 44 338
41 440 41 166 440
1 145 1 2 6 8 20 32 45 145
1 6 1 2 6
1 25 1 2 6 25
1 408 1 2 16 22 59 112 168 408
11 26 11 26
109 299 109 164 299
0 5 0 1 5
1 19 1 2 6 8 19
0 109 0 1 2 16 22 109
145 227 145 147 227
0 16 0 1 2 16
0 2 0 1 2
1 206 1 5 7 62 206
0 6 0 1 2 6
1 492 1 2 16 22 109 164 299 492
25 33 25 33
25 48 25 33 48
310 411 310 411
1 260 1 2 6 8 10 12 28 64 119 139 142 174 260
2 16 2 16
0 51 0 1 2 6 25 33 51
2 21 2 3 21
1 4 1 2 4
0 79 0 1 2 6 8 10 12 79
11 191 11 26 131 191
6 33 6 25 33
0 311 0 1 2 16 22 59 311
6 163 6 25 43 85 156 163
0 222 0 11 26 44 209 222
2 29 2 6 8 15 29
1 16 1 2 16
13 93 13 31 93
6 15 6 8 15
1 277 1 18 277
2 36 2 6 8 19 36
2 58 2 6 8 10 37 58
6 417 6 8 15 29 71 417
1 8 1 2 6 8
234 335 234 335
1 7 1 5 7
1 286 1 2 16 22 109 164 286
1 19 1 2 6 8 19
0 2 0 1 2
2 134 2 6 8 10 54 75 134
13 415 13 157 415
1 385 1 5 7 62 127 370 385
1 405 1 5 7 405
16 57 16 40 57
11 114 11 13 23 114
1 24 1 24
2 452 2 6 8 15 65 183 452
0 1 0 1
33 457 33 457
10 86 10 86
6 419 6 25 33 51 121 143 355 419
2 354 2 6 25 33 48 66 354
17 132 17 132
13 31 13 31
0 44 0 11 26 44
0 2 0 1 2
0 4 0 1 2 4
2 6 2 6
1 2 1 2
93 295 93 130 295
6 499 6 8 10 499
0 175 0 1 2 6 25 175
1 406 1 2 6 8 9 56 356 406
0 54 0 1 2 6 8 10 54
6 216 6 8 10 12 79 165 207 216
22 262 22 109 262
11 26 11 26
1 362 1 2 16 22 59 311 362
0 145 0 1 2 6 8 20 32 45 145
13 170 13 31 49 170
20 177 20 32 35 177
11 31 11 13 31
2 429 2 3 429
16 109 16 22 109
54 292 54 292
0 185 0 11 13 31 68 185
11 403 11 13 157 208 403
8 10 8 10
8 342 8 10 37 316 342
2 143 2 6 25 33 51 121 143
1 382 1 5 7 62 133 171 382
2 371 2 6 8 15 371
0 11 0 11
0 10 0 1 2 6 8 10
0 11 0 11
2 4 2 4
2 307 2 6 8 15 46 307
25 167 25 33 51 167
11 458 11 13 17 194 458
2 4 2 4
43 156 43 85 156
1 102 1 2 6 8 10 37 58 84 102
6 216 6 8 10 12 79 165 207 216
1 22 1 2 16 22
11 13 11 13
104 297 104 297
0 44 0 11 26 44
1 6 1 2 6
16 299 16 22 109 164 299
1 135 1 2 6 8 19 36 135
0 51 0 1 2 6 25 33 51
2 10 2 6 8 10
0 381 0 381
1 64 1 2 6 8 10 12 28 64
157 423 157 208 423
20 336 20 32 45 145 160 336
37 247 37 247
8 453 8 10 37 58 76 101 176 225 256 328 453
77 213 77 213
1 18 1 18
18 166 18 41 166
0 31 0 11 13 31
6 145 6 8 20 32 45 145
0 6 0 1 2 6
0 2 0 1 2
13 93 13 31 93
12 203 12 28 64 119 139 195 203
16 112 16 22 59 112
8 463 8 10 54 75 463
1 407 1 2 6 8 10 12 407
43 156 43 85 156
8 469 8 15 469
4 200 4 200
68 185 68 185
6 214 6 8 10 30 38 128 214
0 15 0 1 2 6 8 15
1 7 1 5 7
0 2 0 1 2
0 370 0 1 5 7 62 127 370
0 339 0 1 2 6 8 20 32 35 339
2 424 2 6 8 15 29 129 152 409 424
2 40 2 16 40
0 139 0 1 2 6 8 10 12 28 64 119 139
25 121 25 33 51 121
20 32 20 32
0 12 0 1 2 6 8 10 12
1 50 1 2 6 8 15 29 50
1 4 1 2 4
5 306 5 306
0 27 0 1 2 6 8 15 27
0 13 0 11 13
11 95 11 26 95
8 20 8 20
1 8 1 2 6 8
6 250 6 8 10 37 58 76 101 250
8 32 8 20 32
6 8 6 8
0 6 0 1 2 6
0 2 0 1 2
84 239 84 102 239
2 388 2 6 8 15 29 50 107 282 388
2 37 2 6 8 10 37
0 6 0 1 2 6
0 46 0 1 2 6 8 15 46
1 62 1 5 7 62
1 27 1 2 6 8 15 27
6 285 6 8 10 12 28 64 119 139 142 174 285
24 413 24 118 413
1 18 1 18
1 2 1 2
2 8 2 6 8
0 7 0 1 5 7
16 112 16 22 59 112
10 52 10 30 38 52
35 288 35 177 288
23 363 23 115 319 363
11 224 11 13 31 93 137 224
6 353 6 8 20 32 45 261 353
13 93 13 31 93
0 10 0 1 2 6 8 10
0 12 0 1 2 6 8 10 12
69 284 69 284
2 22 2 16 22
6 8 6 8
2 353 2 6 8 20 32 45 261 353
235 396 235 323 396
2 25 2 6 25
11 132 11 13 17 132
11 13 11 13
0 304 0 1 2 6 8 20 32 304
13 346 13 31 201 346
2 15 2 6 8 15
2 15 2 6 8 15
0 10 0 1 2 6 8 10
2 347 2 6 8 10 54 347
0 2 0 1 2
2 19 2 6 8 19
44 338 44 338
11 208 11 13 157 208
1 404 1 2 6 8 20 32 35 122 404
6 86 6 8 10 86
0 254 0 1 2 6 8 9 14 186 254
0 6 0 1 2 6
2 158 2 6 8 15 153 158
0 381 0 381
0 2 0 1 2
1 18 1 18
0 56 0 1 2 6 8 9 56
6 32 6 8 20 32
2 111 2 16 111
13 184 13 17 132 184
2 231 2 6 106 231
6 470 6 25 43 470
24 275 24 275
2 214 2 6 8 10 30 38 128 214
0 2 0 1 2
1 279 1 2 6 8 15 27 92 279
0 1 0 1
0 392 0 11 13 23 115 173 197 392
108 466 108 466
8 64 8 10 12 28 64
6 96 6 8 9 14 96
2 40 2 16 40
15 71 15 29 71
0 158 0 1 2 6 8 15 153 158
13 489 13 17 194 458 489
6 8 6 8
2 397 2 16 22 109 164 286 397
0 13 0 11 13
16 57 16 40 57
32 141 32 141
11 468 11 13 31 68 185 352 468
3 55 3 55
13 170 13 31 49 170
186 254 186 254
0 31 0 11 13 31
0 136 0 11 136
11 497 11 13 17 497
0 1 0 1
1 324 1 2 3 21 324
8 10 8 10
1 231 1 2 6 106 231
0 11 0 11
1 28 1 2 6 8 10 12 28
36 226 36 42 226
5 62 5 7 62
0 89 0 1 2 6 8 10 12 79 89
7 133 7 62 133
1 490 1 2 6 25 33 67 159 490
1 258 1 2 6 8 20 32 35 60 77 258
2 345 2 6 8 10 12 28 64 119 139 345
0 6 0 1 2 6
1 18 1 18
8 19 8 19
0 137 0 11 13 31 93 137
112 168 112 168
0 14 0 1 2 6 8 9 14
1 133 1 5 7 62 133
86 234 86 146 234
1 198 1 2 6 8 19 36 42 63 198
0 159 0 1 2 6 25 33 67 159
1 250 1 2 6 8 10 37 58 76 101 250
13 229 13 23 115 188 229
68 399 68 185 399
13 202 13 202
0 15 0 1 2 6 8 15
8 32 8 20 32
8 9 8 9
11 44 11 26 44
2 8 2 6 8
0 23 0 11 13 23
1 36 1 2 6 8 19 36
0 11 0 11
0 18 0 1 18
26 44 26 44
9 14 9 14
0 32 0 1 2 6 8 20 32
0 63 0 1 2 6 8 19 36 42 63
10 407 10 12 407
0 42 0 1 2 6 8 19 36 42
1 15 1 2 6 8 15
0 30 0 1 2 6 8 10 30
0 2 0 1 2
1 15 1 2 6 8 15
0 88 0 1 2 16 22 88
1 2 1 2
0 8 0 1 2 6 8
8 412 8 15 126 412
1 8 1 2 6 8
2 6 2 6
0 26 0 11 26
0 24 0 1 24
31 49 31 49
26 209 26 44 209
1 36 1 2 6 8 19 36
0 39 0 39
1 37 1 2 6 8 10 37
11 268 11 13 31 201 268
1 296 1 5 7 62 133 171 189 296
8 230 8 15 29 172 230
11 188 11 13 23 115 188
11 432 11 136 432
1 64 1 2 6 8 10 12 28 64
25 211 25 33 51 121 211
0 26 0 11 26
0 254 0 1 2 6 8 9 14 186 254
0 1 0 1
0 139 0 1 2 6 8 10 12 28 64 119 139
1 8 1 2 6 8
26 95 26 95
1 12 1 2 6 8 10 12
0 40 0 1 2 16 40
54 347 54 347
6 74 6 8 19 36 42 74
13 17 13 17
0 68 0 11 13 31 68
2 217 2 6 8 15 217
109 286 109 164 286
6 38 6 8 10 30 38
7 405 7 405
2 3 2 3
0 6 0 1 2 6
2 8 2 6 8
1 24 1 24
6 256 6 8 10 37 58 76 101 176 225 256
6 400 6 8 10 54 75 97 400
0 40 0 1 2 16 40
13 17 13 17
2 51 2 6 25 33 51
2 10 2 6 8 10
1 292 1 2 6 8 10 54 292
1 25 1 2 6 25
0 1 0 1
11 13 11 13
2 205 2 6 8 15 162 205
2 6 2 6
0 25 0 1 2 6 25
8 335 8 10 86 146 234 335
0 2 0 1 2
6 29 6 8 15 29
1 339 1 2 6 8 20 32 35 339
0 20 0 1 2 6 8 20
0 9 0 1 2 6 8 9
13 157 13 157
3 324 3 21 324
2 6 2 6
0 205 0 1 2 6 8 15 162 205
2 187 2 6 25 175 187
11 321 11 13 17 69 284 321
6 307 6 8 15 46 307
2 122 2 6 8 20 32 35 122
31 210 31 68 185 210
88 330 88 212 330
6 477 6 8 15 65 418 477
11 380 11 136 242 380
2 33 2 6 25 33
11 26 11 26
1 62 1 5 7 62
1 2 1 2
0 316 0 1 2 6 8 10 37 316
0 212 0 1 2 16 22 88 212
11 115 11 13 23 115
1 2 1 2
1 2 1 2
0 69 0 11 13 17 69
1 407 1 2 6 8 10 12 407
0 1 0 1
0 6 0 1 2 6
0 76 0 1 2 6 8 10 37 58 76
2 147 2 6 8 20 32 45 145 147
0 115 0 11 13 23 115
361 491 361 491
310 411 310 411
1 10 1 2 6 8 10
11 26 11 26
153 479 153 158 479
33 490 33 67 159 490
2 33 2 6 25 33
0 13 0 11 13
11 31 11 13 31
8 256 8 10 37 58 76 101 176 225 256
0 85 0 1 2 6 25 43 85
1 25 1 2 6 25
0 69 0 11 13 17 69
1 22 1 2 16 22
37 58 37 58
2 475 2 6 8 20 32 45 145 147 475
0 1 0 1
2 37 2 6 8 10 37
0 87 0 1 2 6 8 20 81 87
0 1 0 1
2 29 2 6 8 15 29
31 224 31 93 137 224
0 15 0 1 2 6 8 15
6 8 6 8
10 119 10 12 28 64 119
2 59 2 16 22 59
8 12 8 10 12
11 241 11 13 31 49 241
2 369 2 16 40 57 182 369
92 116 92 116
26 44 26 44
24 275 24 275
2 356 2 6 8 9 56 356
6 19 6 8 19
26 222 26 44 209 222
6 12 6 8 10 12
10 64 10 12 28 64
8 122 8 20 32 35 122
1 33 1 2 6 25 33
2 8 2 6 8
157 415 157 415
7 62 7 62
2 4 2 4
2 190 2 6 8 10 37 58 190
11 13 11 13
1 7 1 5 7
2 109 2 16 22 109
11 374 11 13 17 194 374
16 168 16 22 59 112 168
129 196 129 152 155 196
0 424 0 1 2 6 8 15 29 129 152 409 424
0 2 0 1 2
8 198 8 19 36 42 63 198
2 3 2 3
16 40 16 40
17 194 17 194
86 442 86 442
0 11 0 11
16 22 16 22
2 421 2 6 25 33 48 66 354 421
0 2 0 1 2
12 79 12 79
2 330 2 16 22 88 212 330
62 133 62 133
0 6 0 1 2 6
1 286 1 2 16 22 109 164 286
11 343 11 26 131 343
2 14 2 6 8 9 14
2 205 2 6 8 15 162 205
1 2 1 2
1 8 1 2 6 8
2 74 2 6 8 19 36 42 74
0 3 0 1 2 3
0 228 0 1 2 6 8 15 27 228
14 91 14 91
1 21 1 2 3 21
0 13 0 11 13
0 26 0 11 26
2 103 2 6 25 33 67 103
1 172 1 2 6 8 15 29 172
6 8 6 8
0 8 0 1 2 6 8
0 184 0 11 13 17 132 184
0 22 0 1 2 16 22
0 31 0 11 13 31
13 497 13 17 497
25 85 25 43 85
1 206 1 5 7 62 206
6 43 6 25 43
11 293 11 26 44 293
0 10 0 1 2 6 8 10
13 271 13 31 49 170 271
0 1 0 1
16 109 16 22 109
15 320 15 162 205 320
15 412 15 126 412
11 432 11 136 432
6 63 6 8 19 36 42 63
1 320 1 2 6 8 15 162 205 320
0 109 0 1 2 16 22 109
1 357 1 2 6 8 10 37 253 357
13 438 13 31 93 149 326 391 438
2 246 2 4 246
0 209 0 11 26 44 209
0 8 0 1 2 6 8
0 13 0 11 13
0 64 0 1 2 6 8 10 12 28 64
0 2 0 1 2
0 1 0 1
2 256 2 6 8 10 37 58 76 101 176 225 256
8 42 8 19 36 42
0 13 0 11 13
1 324 1 2 3 21 324
43 85 43 85
12 83 12 83
1 218 1 2 6 8 10 12 218
0 242 0 11 136 242
11 447 11 26 44 209 222 447
1 408 1 2 16 22 59 112 168 408
0 3 0 1 2 3
0 13 0 11 13
30 38 30 38
1 2 1 2
1 20 1 2 6 8 20
88 422 88 204 422
6 92 6 8 15 27 92
0 32 0 1 2 6 8 20 32
6 15 6 8 15
2 20 2 6 8 20
1 15 1 2 6 8 15
0 27 0 1 2 6 8 15 27
1 176 1 2 6 8 10 37 58 76 101 176
1 8 1 2 6 8
0 115 0 11 13 23 115
1 316 1 2 6 8 10 37 316
1 8 1 2 6 8
0 59 0 1 2 16 22 59
0 242 0 11 136 242
1 85 1 2 6 25 43 85
0 112 0 1 2 16 22 59 112
1 463 1 2 6 8 10 54 75 463
0 49 0 11 13 31 49
1 266 1 2 6 25 33 51 266
5 189 5 7 62 133 171 189
21 324 21 324
0 11 0 11
68 352 68 185 352
2 3 2 3
0 45 0 1 2 6 8 20 32 45
8 337 8 15 29 71 337
1 336 1 2 6 8 20 32 45 145 160 336
0 93 0 11 13 31 93
0 145 0 1 2 6 8 20 32 45 145
2 491 2 6 25 175 361 491
32 147 32 45 145 147
25 323 25 33 48 235 323
2 63 2 6 8 19 36 42 63
2 163 2 6 25 43 85 156 163
6 67 6 25 33 67
11 208 11 13 157 208
0 7 0 1 5 7
6 317 6 25 33 51 121 211 317
0 13 0 11 13
182 369 182 369
11 201 11 13 31 201
6 10 6 8 10
0 119 0 1 2 6 8 10 12 28 64 119
2 14 2 6 8 9 14
11 13 11 13
1 330 1 2 16 22 88 212 330
103 272 103 272
0 25 0 1 2 6 25
29 50 29 50
1 6 1 2 6
202 411 202 310 411
2 10 2 6 8 10
11 44 11 26 44
18 277 18 277
1 111 1 2 16 111
2 121 2 6 25 33 51 121
2 34 2 4 34
0 26 0 11 26
0 93 0 11 13 31 93
2 466 2 6 8 9 14 96 108 466
2 394 2 6 8 10 12 28 394
0 97 0 1 2 6 8 10 54 75 97
0 1 0 1
0 31 0 11 13 31
0 11 0 11
1 5 1 5
0 8 0 1 2 6 8
0 130 0 11 13 31 93 130
11 68 11 13 31 68
0 16 0 1 2 16
0 157 0 11 13 157
11 209 11 26 44 209
6 456 6 8 10 12 79 89 456
11 185 11 13 31 68 185
13 268 13 31 201 268
6 455 6 8 10 12 407 455
13 93 13 31 93
1 65 1 2 6 8 15 65
45 227 45 145 147 227
0 6 0 1 2 6
8 9 8 9
0 114 0 11 13 23 114
1 6 1 2 6
31 459 31 93 149 326 391 438 459
29 358 29 129 152 155 196 332 358
8 20 8 20
2 30 2 6 8 10 30
10 79 10 12 79
0 1 0 1
6 217 6 8 15 217
0 5 0 1 5
15 290 15 217 237 290
2 30 2 6 8 10 30
8 119 8 10 12 28 64 119
41 166 41 166
8 220 8 15 29 50 220
1 150 1 2 16 40 150
17 194 17 194
2 22 2 16 22
33 354 33 48 66 354
32 383 32 45 145 160 383
1 10 1 2 6 8 10
162 205 162 205
26 248 26 248
2 35 2 6 8 20 32 35
0 10 0 1 2 6 8 10
1 32 1 2 6 8 20 32
2 366 2 6 8 10 30 38 366
2 492 2 16 22 109 164 299 492
1 2 1 2
13 49 13 31 49
136 432 136 432
0 7 0 1 5 7
1 25 1 2 6 25
8 10 8 10
19 431 19 431
2 365 2 6 8 15 153 158 365
13 208 13 157 208
1 3 1 2 3
0 2 0 1 2
6 8 6 8
6 14 6 8 9 14
2 22 2 16 22
1 59 1 2 16 22 59
0 26 0 11 26
1 117 1 2 6 8 10 30 117
136 242 136 242
0 191 0 11 26 131 191
45 475 45 145 147 475
1 8 1 2 6 8
1 6 1 2 6
1 16 1 2 16
1 178 1 178
10 28 10 12 28
0 40 0 1 2 16 40
0 12 0 1 2 6 8 10 12
13 185 13 31 68 185
11 241 11 13 31 49 241
0 8 0 1 2 6 8
8 83 8 10 12 83
133 171 133 171
2 316 2 6 8 10 37 316
2 323 2 6 25 33 48 235 323
0 16 0 1 2 16
0 166 0 1 18 41 166
40 150 40 150
6 75 6 8 10 54 75
16 151 16 151
2 441 2 6 8 10 54 75 134 169 441
0 1 0 1
2 499 2 6 8 10 499
57 467 57 467
0 11 0 11
0 11 0 11
8 20 8 20
25 323 25 33 48 235 323
11 343 11 26 131 343
2 196 2 6 8 15 29 129 152 155 196
8 10 8 10
1 10 1 2 6 8 10
11 363 11 13 23 115 319 363
0 76 0 1 2 6 8 10 37 58 76
0 2 0 1 2
13 17 13 17
0 136 0 11 136
1 491 1 2 6 25 175 361 491
0 108 0 1 2 6 8 9 14 96 108
0 1 0 1
13 149 13 31 93 149
1 59 1 2 16 22 59
1 70 1 2 6 8 15 65 70
1 139 1 2 6 8 10 12 28 64 119 139
1 281 1 2 6 8 9 14 91 281
2 71 2 6 8 15 29 71
6 14 6 8 9 14
16 378 16 151 378
18 277 18 277
1 2 1 2
8 152 8 15 29 129 152
2 19 2 6 8 19
1 8 1 2 6 8
20 141 20 32 141
1 419 1 2 6 25 33 51 121 143 355 419
2 163 2 6 25 43 85 156 163
8 15 8 15
1 278 1 18 73 278
1 378 1 2 16 151 378
1 6 1 2 6
0 1 0 1
0 29 0 1 2 6 8 15 29
2 16 2 16
2 35 2 6 8 20 32 35
1 467 1 2 16 40 57 467
1 75 1 2 6 8 10 54 75
6 356 6 8 9 56 356
20 35 20 32 35
51 291 51 167 291
409 430 409 424 430
33 421 33 48 66 354 421
1 278 1 18 73 278
8 10 8 10
1 121 1 2 6 25 33 51 121
40 182 40 57 182
8 152 8 15 29 129 152
2 111 2 16 111
44 222 44 209 222
2 451 2 6 8 10 37 316 451
1 233 1 18 73 105 233
0 15 0 1 2 6 8 15
0 7 0 1 5 7
0 1 0 1
4 200 4 200
1 22 1 2 16 22
10 38 10 30 38
0 13 0 11 13
13 31 13 31
1 410 1 2 6 8 20 32 304 410
2 431 2 6 8 19 431
1 267 1 2 6 8 9 14 91 267
22 109 22 109
1 37 1 2 6 8 10 37
0 2 0 1 2
8 32 8 20 32
19 42 19 36 42
0 204 0 1 2 16 22 88 204
33 323 33 48 235 323
0 407 0 1 2 6 8 10 12 407
11 13 11 13
1 30 1 2 6 8 10 30
0 6 0 1 2 6
1 22 1 2 16 22
11 236 11 26 131 236
1 9 1 2 6 8 9
16 378 16 151 378
6 304 6 8 20 32 304
0 15 0 1 2 6 8 15
6 8 6 8
14 281 14 91 281
13 224 13 31 93 137 224
373 426 373 426
11 242 11 136 242
8 54 8 10 54
2 461 2 6 8 20 32 35 60 77 258 333 443 461
22 109 22 109
13 31 13 31
2 42 2 6 8 19 36 42
20 483 20 32 35 238 483
1 422 1 2 16 22 88 204 422
11 437 11 13 31 93 437
13 17 13 17
1 364 1 2 6 8 15 126 364
8 477 8 15 65 418 477
0 23 0 11 13 23
2 16 2 16
11 13 11 13
11 31 11 13 31
0 63 0 1 2 6 8 19 36 42 63
0 6 0 1 2 6
0 114 0 11 13 23 114
0 381 0 381
13 115 13 23 115
11 93 11 13 31 93
11 26 11 26
2 246 2 4 246
1 265 1 2 6 8 15 217 265
6 134 6 8 10 54 75 134
2 88 2 16 22 88
1 100 1 2 4 34 100
8 498 8 10 86 146 234 335 348 498
115 229 115 188 229
0 166 0 1 18 41 166
33 291 33 51 167 291
0 157 0 11 13 157
1 100 1 2 4 34 100
0 5 0 1 5
0 11 0 11
1 15 1 2 6 8 15
9 14 9 14
40 150 40 150
23 360 23 115 173 360
8 15 8 15
0 2 0 1 2
1 16 1 2 16
1 15 1 2 6 8 15
0 115 0 11 13 23 115
0 11 0 11
34 100 34 100
2 34 2 4 34
18 305 18 73 105 233 305
0 185 0 11 13 31 68 185
0 57 0 1 2 16 40 57
0 254 0 1 2 6 8 9 14 186 254
30 395 30 395
8 116 8 15 27 92 116
2 221 2 6 113 221
136 380 136 242 380
2 4 2 4
2 20 2 6 8 20
11 432 11 136 432
0 6 0 1 2 6
1 178 1 178
11 346 11 13 31 201 346
1 10 1 2 6 8 10
1 6 1 2 6
0 1 0 1
1 2 1 2
1 410 1 2 6 8 20 32 304 410
1 371 1 2 6 8 15 371
6 158 6 8 15 153 158
1 252 1 2 6 8 10 30 38 128 193 252
1 32 1 2 6 8 20 32
2 80 2 16 22 80
0 15 0 1 2 6 8 15
12 203 12 28 64 119 139 195 203
1 150 1 2 16 40 150
1 199 1 2 6 25 43 85 156 199
0 174 0 1 2 6 8 10 12 28 64 119 139 142 174
81 154 81 87 154
35 288 35 177 288
11 293 11 26 44 293
2 32 2 6 8 20 32
0 1 0 1
0 21 0 1 2 3 21
2 107 2 6 8 15 29 50 107
2 14 2 6 8 9 14
1 152 1 2 6 8 15 29 129 152
0 40 0 1 2 16 40
0 348 0 1 2 6 8 10 86 146 234 335 348
1 51 1 2 6 25 33 51
0 185 0 11 13 31 68 185
0 13 0 11 13
0 10 0 1 2 6 8 10
5 301 5 7 62 301
2 51 2 6 25 33 51
0 253 0 1 2 6 8 10 37 253
64 195 64 119 139 195
0 2 0 1 2
1 55 1 2 3 55
11 363 11 13 23 115 319 363
3 434 3 82 434
1 75 1 2 6 8 10 54 75
20 32 20 32
0 20 0 1 2 6 8 20
2 15 2 6 8 15
0 130 0 11 13 31 93 130
1 323 1 2 6 25 33 48 235 323
0 26 0 11 26
0 16 0 1 2 16
8 10 8 10
20 238 20 32 35 238
0 6 0 1 2 6
0 39 0 39
1 278 1 18 73 278
0 6 0 1 2 6
13 489 13 17 194 458 489
1 8 1 2 6 8
29 409 29 129 152 409
1 10 1 2 6 8 10
13 399 13 31 68 185 399
2 337 2 6 8 15 29 71 337
0 16 0 1 2 16
144 436 144 436
42 124 42 124
68 210 68 185 210
1 475 1 2 6 8 20 32 45 145 147 475
25 163 25 43 85 156 163
6 36 6 8 19 36
49 271 49 170 271
2 99 2 6 8 9 14 91 99
1 264 1 2 6 8 9 14 96 108 264
8 388 8 15 29 50 107 282 388
0 25 0 1 2 6 25
0 3 0 1 2 3
0 18 0 1 18
0 114 0 11 13 23 114
0 182 0 1 2 16 40 57 182
0 12 0 1 2 6 8 10 12
6 10 6 8 10
5 306 5 306
11 95 11 26 95
0 44 0 11 26 44
0 37 0 1 2 6 8 10 37
11 13 11 13
32 404 32 35 122 404
2 258 2 6 8 20 32 35 60 77 258
0 8 0 1 2 6 8
11 185 11 13 31 68 185
1 8 1 2 6 8
2 6 2 6
1 43 1 2 6 25 43
1 211 1 2 6 25 33 51 121 211
1 72 1 2 6 25 33 72
11 248 11 26 248
6 407 6 8 10 12 407
0 235 0 1 2 6 25 33 48 235
13 31 13 31
1 25 1 2 6 25
0 6 0 1 2 6
0 2 0 1 2
1 322 1 2 6 8 20 32 45 322
2 48 2 6 25 33 48
6 117 6 8 10 30 117
0 10 0 1 2 6 8 10
1 324 1 2 3 21 324
8 65 8 15 65
1 139 1 2 6 8 10 12 28 64 119 139
11 197 11 13 23 115 173 197
1 6 1 2 6
0 136 0 11 136
0 2 0 1 2
1 479 1 2 6 8 15 153 158 479
1 262 1 2 16 22 109 262
6 33 6 25 33
13 31 13 31
32 223 32 35 122 223
6 10 6 8 10
0 143 0 1 2 6 25 33 51 121 143
0 13 0 11 13
0 25 0 1 2 6 25
0 69 0 11 13 17 69
32 245 32 45 145 147 227 245
0 6 0 1 2 6
0 9 0 1 2 6 8 9
0 1 0 1
1 4 1 2 4
0 1 0 1
31 170 31 49 170
11 17 11 13 17
11 249 11 13 23 115 249
0 39 0 39
0 18 0 1 18
152 424 152 409 424
2 302 2 302
8 20 8 20
0 2 0 1 2
136 432 136 432
0 1 0 1
44 338 44 338
17 312 17 132 312
6 223 6 8 20 32 35 122 223
58 76 58 76
11 136 11 136
0 13 0 11 13
25 266 25 33 51 266
0 38 0 1 2 6 8 10 30 38
11 104 11 104
235 448 235 323 396 448
6 315 6 8 15 65 183 315
41 440 41 166 440
12 79 12 79
2 6 2 6
0 387 0 1 2 6 8 10 12 28 64 119 139 387
1 279 1 2 6 8 15 27 92 279
0 236 0 11 26 131 236
1 2 1 2
10 169 10 54 75 134 169
6 121 6 25 33 51 121
0 136 0 11 136
0 136 0 11 136
6 20 6 8 20
0 8 0 1 2 6 8
2 324 2 3 21 324
0 65 0 1 2 6 8 15 65
68 399 68 185 399
6 234 6 8 10 86 146 234
2 37 2 6 8 10 37
8 56 8 9 56
2 240 2 6 8 20 32 35 60 77 213 240
6 15 6 8 15
119 387 119 139 387
2 469 2 6 8 15 469
0 23 0 11 13 23
0 185 0 11 13 31 68 185
1 20 1 2 6 8 20
2 6 2 6
0 6 0 1 2 6
6 308 6 25 33 51 121 211 308
26 209 26 44 209
8 336 8 20 32 45 145 160 336
2 32 2 6 8 20 32
0 310 0 11 13 202 310
0 32 0 1 2 6 8 20 32
11 447 11 26 44 209 222 447
6 8 6 8
0 222 0 11 26 44 209 222
0 8 0 1 2 6 8
13 201 13 31 201
0 19 0 1 2 6 8 19
0 8 0 1 2 6 8
0 26 0 11 26
0 2 0 1 2
26 274 26 131 236 274
0 67 0 1 2 6 25 33 67
13 31 13 31
1 21 1 2 3 21
1 357 1 2 6 8 10 37 253 357
20 77 20 32 35 60 77
0 1 0 1
13 31 13 31
2 15 2 6 8 15
13 284 13 17 69 284
0 2 0 1 2
1 166 1 18 41 166
0 80 0 1 2 16 22 80
11 338 11 26 44 338
0 126 0 1 2 6 8 15 126
0 4 0 1 2 4
0 2 0 1 2
0 1 0 1
6 96 6 8 9 14 96
41 440 41 166 440
0 93 0 11 13 31 93
1 6 1 2 6
6 45 6 8 20 32 45
0 8 0 1 2 6 8
2 474 2 6 8 10 474
1 15 1 2 6 8 15
2 261 2 6 8 20 32 45 261
157 423 157 208 423
1 342 1 2 6 8 10 37 316 342
1 160 1 2 6 8 20 32 45 145 160
11 344 11 26 44 209 222 344
24 413 24 118 413
1 2 1 2
25 143 25 33 51 121 143
0 31 0 11 13 31
8 75 8 10 54 75
1 19 1 2 6 8 19
6 158 6 8 15 153 158
2 200 2 4 200
13 192 13 31 192
6 75 6 8 10 54 75
6 469 6 8 15 469
1 37 1 2 6 8 10 37
1 6 1 2 6
0 23 0 11 13 23
6 419 6 25 33 51 121 143 355 419
8 10 8 10
0 68 0 11 13 31 68
13 271 13 31 49 170 271
1 6 1 2 6
8 102 8 10 37 58 84 102
1 311 1 2 16 22 59 311
0 239 0 1 2 6 8 10 37 58 84 102 239
6 51 6 25 33 51
1 6 1 2 6
2 25 2 6 25
20 45 20 32 45
0 290 0 1 2 6 8 15 217 237 290
7 370 7 62 127 370
9 91 9 14 91
2 254 2 6 8 9 14 186 254
6 10 6 8 10
8 45 8 20 32 45
11 95 11 26 95
8 32 8 20 32
1 454 1 2 6 8 15 217 237 314 402 454
5 171 5 7 62 133 171
2 36 2 6 8 19 36
11 13 11 13
15 158 15 153 158
11 49 11 13 31 49
1 323 1 2 6 25 33 48 235 323
0 2 0 1 2
8 160 8 20 32 45 145 160
22 397 22 109 164 286 397
8 10 8 10
10 394 10 12 28 394
0 1 0 1
1 2 1 2
11 184 11 13 17 132 184
1 73 1 18 73
2 200 2 4 200
11 351 11 13 17 132 351
11 447 11 26 44 209 222 447
209 294 209 294
8 10 8 10
0 11 0 11
0 222 0 11 26 44 209 222
2 34 2 4 34
1 175 1 2 6 25 175
23 115 23 115
20 213 20 32 35 60 77 213
0 27 0 1 2 6 8 15 27
11 188 11 13 23 115 188
1 5 1 5
6 8 6 8
15 50 15 29 50
6 108 6 8 9 14 96 108
26 343 26 131 343
0 25 0 1 2 6 25
0 31 0 11 13 31
2 25 2 6 25
6 125 6 8 15 46 125
18 305 18 73 105 233 305
5 405 5 7 405
1 19 1 2 6 8 19
0 14 0 1 2 6 8 9 14
2 88 2 16 22 88
1 156 1 2 6 25 43 85 156
11 157 11 13 157
13 184 13 17 132 184
6 30 6 8 10 30
2 487 2 6 25 33 51 266 487
6 45 6 8 20 32 45
0 381 0 381
258 333 258 333
6 8 6 8
0 323 0 1 2 6 25 33 48 235 323
10 37 10 37
1 40 1 2 16 40
16 397 16 22 109 164 286 397
1 65 1 2 6 8 15 65
0 26 0 11 26
1 45 1 2 6 8 20 32 45
0 19 0 1 2 6 8 19
1 8 1 2 6 8
0 38 0 1 2 6 8 10 30 38
26 344 26 44 209 222 344
77 461 77 258 333 443 461
0 119 0 1 2 6 8 10 12 28 64 119
6 211 6 25 33 51 121 211
1 395 1 2 6 8 10 30 395
79 207 79 165 207
175 187 175 187
0 233 0 1 18 73 105 233
5 62 5 7 62
448 494 448 494
1 2 1 2
0 6 0 1 2 6
1 15 1 2 6 8 15
1 2 1 2
1 6 1 2 6
1 6 1 2 6
402 484 402 454 484
1 2 1 2
1 15 1 2 6 8 15
0 26 0 11 26
26 44 26 44
0 316 0 1 2 6 8 10 37 316
2 8 2 6 8
0 222 0 11 26 44 209 222
6 10 6 8 10
0 2 0 1 2
26 95 26 95
15 158 15 153 158
0 10 0 1 2 6 8 10
25 43 25 43
0 5 0 1 5
2 33 2 6 25 33
26 44 26 44
0 44 0 11 26 44
0 86 0 1 2 6 8 10 86
1 15 1 2 6 8 15
6 30 6 8 10 30
1 117 1 2 6 8 10 30 117
0 2 0 1 2
1 122 1 2 6 8 20 32 35 122
0 51 0 1 2 6 25 33 51
0 313 0 11 13 17 69 284 313
1 257 1 2 6 8 20 81 257
1 6 1 2 6
0 1 0 1
2 8 2 6 8
8 12 8 10 12
2 299 2 16 22 109 164 299
5 306 5 306
1 129 1 2 6 8 15 29 129
0 10 0 1 2 6 8 10
2 109 2 16 22 109
0 29 0 1 2 6 8 15 29
0 69 0 11 13 17 69
57 182 57 182
1 429 1 2 3 429
0 11 0 11
11 17 11 13 17
2 10 2 6 8 10
0 64 0 1 2 6 8 10 12 28 64
1 15 1 2 6 8 15
8 145 8 20 32 45 145
0 401 0 1 2 6 8 9 14 96 401
11 44 11 26 44
0 209 0 11 26 44 209
0 23 0 11 13 23
19 135 19 36 135
0 76 0 1 2 6 8 10 37 58 76
0 428 0 1 2 6 8 9 14 78 428
0 1 0 1
1 51 1 2 6 25 33 51
11 399 11 13 31 68 185 399
1 109 1 2 16 22 109
0 391 0 11 13 31 93 149 326 391
1 356 1 2 6 8 9 56 356
0 2 0 1 2
0 119 0 1 2 6 8 10 12 28 64 119
11 13 11 13
1 279 1 2 6 8 15 27 92 279
0 76 0 1 2 6 8 10 37 58 76
0 2 0 1 2
0 6 0 1 2 6
1 2 1 2
2 88 2 16 22 88
31 495 31 140 495
16 180 16 22 59 180
2 92 2 6 8 15 27 92
0 195 0 1 2 6 8 10 12 28 64 119 139 195
2 8 2 6 8
7 327 7 62 133 171 327
17 488 17 69 488
25 355 25 33 51 121 143 355
2 75 2 6 8 10 54 75
0 4 0 1 2 4
0 2 0 1 2
1 10 1 2 6 8 10
2 247 2 6 8 10 37 247
2 121 2 6 25 33 51 121
11 325 11 26 131 191 325
1 308 1 2 6 25 33 51 121 211 308
11 132 11 13 17 132
0 1 0 1
8 442 8 10 86 442
0 6 0 1 2 6
0 11 0 11
11 488 11 13 17 69 488
109 262 109 262
0 197 0 11 13 23 115 173 197
1 111 1 2 16 111
11 242 11 136 242
0 71 0 1 2 6 8 15 29 71
6 29 6 8 15 29
0 34 0 1 2 4 34
1 324 1 2 3 21 324
75 398 75 303 398
0 26 0 11 26
0 5 0 1 5
2 16 2 16
0 48 0 1 2 6 25 33 48
1 176 1 2 6 8 10 37 58 76 101 176
0 62 0 1 5 7 62
1 6 1 2 6
2 6 2 6
11 209 11 26 44 209
1 135 1 2 6 8 19 36 135
23 115 23 115
58 328 58 76 101 176 225 256 328
1 10 1 2 6 8 10
11 31 11 13 31
2 471 2 6 8 10 12 28 64 119 139 387 471
2 341 2 6 8 15 29 129 152 155 196 243 341
1 290 1 2 6 8 15 217 237 290
0 173 0 11 13 23 115 173
8 92 8 15 27 92
2 35 2 6 8 20 32 35
12 485 12 83 485
13 436 13 23 144 436
33 308 33 51 121 211 308
2 40 2 16 40
10 98 10 37 98
256 328 256 328
1 7 1 5 7
6 431 6 8 19 431
11 249 11 13 23 115 249
11 319 11 13 23 115 319
0 69 0 11 13 17 69
1 9 1 2 6 8 9
2 56 2 6 8 9 56
2 70 2 6 8 15 65 70
0 8 0 1 2 6 8
12 28 12 28
0 13 0 11 13
12 90 12 90
7 171 7 62 133 171
20 77 20 32 35 60 77
65 70 65 70
8 32 8 20 32
8 14 8 9 14
0 134 0 1 2 6 8 10 54 75 134
13 31 13 31
0 37 0 1 2 6 8 10 37
0 6 0 1 2 6
0 6 0 1 2 6
0 157 0 11 13 157
6 288 6 8 20 32 35 177 288
0 102 0 1 2 6 8 10 37 58 84 102
1 298 1 2 3 298
8 493 8 10 37 58 76 101 176 225 256 493
8 160 8 20 32 45 145 160
0 6 0 1 2 6
6 30 6 8 10 30
11 343 11 26 131 343
6 36 6 8 19 36
23 115 23 115
6 198 6 8 19 36 42 63 198
0 69 0 11 13 17 69
1 43 1 2 6 25 43
11 13 11 13
1 45 1 2 6 8 20 32 45
0 10 0 1 2 6 8 10
2 8 2 6 8
1 469 1 2 6 8 15 469
6 412 6 8 15 126 412
11 268 11 13 31 201 268
0 13 0 11 13
1 99 1 2 6 8 9 14 91 99
0 1 0 1
2 232 2 6 8 10 37 58 76 232
0 11 0 11
0 1 0 1
0 132 0 11 13 17 132
1 6 1 2 6
1 5 1 5
11 13 11 13
1 103 1 2 6 25 33 67 103
0 30 0 1 2 6 8 10 30
1 389 1 2 16 22 109 164 286 389
11 136 11 136
209 344 209 222 344
19 42 19 36 42
12 219 12 79 219
0 69 0 11 13 17 69
129 430 129 152 409 424 430
13 31 13 31
1 4 1 2 4
13 411 13 202 310 411
6 51 6 25 33 51
2 266 2 6 25 33 51 266
103 272 103 272
2 25 2 6 25
0 11 0 11
11 13 11 13
26 95 26 95
0 38 0 1 2 6 8 10 30 38
11 270 11 13 17 69 270
0 20 0 1 2 6 8 20
6 121 6 25 33 51 121
1 422 1 2 16 22 88 204 422
1 8 1 2 6 8
0 11 0 11
0 2 0 1 2
0 101 0 1 2 6 8 10 37 58 76 101
2 213 2 6 8 20 32 35 60 77 213
1 45 1 2 6 8 20 32 45
0 1 0 1
6 8 6 8
2 151 2 16 151
0 11 0 11
1 2 1 2
11 44 11 26 44
2 120 2 6 8 10 120
0 2 0 1 2
2 8 2 6 8
0 164 0 1 2 16 22 109 164
13 329 13 17 69 284 313 329
0 145 0 1 2 6 8 20 32 45 145
1 71 1 2 6 8 15 29 71
1 442 1 2 6 8 10 86 442
1 3 1 2 3
2 10 2 6 8 10
15 183 15 65 183
8 279 8 15 27 92 279
0 1 0 1
1 291 1 2 6 25 33 51 167 291
1 12 1 2 6 8 10 12
0 310 0 11 13 202 310
1 145 1 2 6 8 20 32 45 145
11 13 11 13
48 416 48 235 323 416
0 32 0 1 2 6 8 20 32
2 204 2 16 22 88 204
11 31 11 13 31
11 284 11 13 17 69 284
1 198 1 2 6 8 19 36 42 63 198
2 179 2 6 8 10 30 179
29 152 29 129 152
0 1 0 1
1 32 1 2 6 8 20 32
2 14 2 6 8 9 14
1 123 1 2 6 8 19 36 42 63 94 123
2 499 2 6 8 10 499
6 394 6 8 10 12 28 394
129 409 129 152 409
0 112 0 1 2 16 22 59 112
25 43 25 43
0 2 0 1 2
1 63 1 2 6 8 19 36 42 63
11 131 11 26 131
1 431 1 2 6 8 19 431
0 96 0 1 2 6 8 9 14 96
1 454 1 2 6 8 15 217 237 314 402 454
11 115 11 13 23 115
13 157 13 157
0 174 0 1 2 6 8 10 12 28 64 119 139 142 174
2 19 2 6 8 19
0 289 0 1 2 6 8 15 27 228 289
2 40 2 16 40
15 228 15 27 228
1 257 1 2 6 8 20 81 257
6 8 6 8
1 5 1 5
0 22 0 1 2 16 22
0 13 0 11 13
16 57 16 40 57
0 18 0 1 18
407 455 407 455
2 350 2 6 25 33 51 121 211 317 350
0 16 0 1 2 16
20 32 20 32
0 17 0 11 13 17
8 71 8 15 29 71
2 175 2 6 25 175
1 277 1 18 277
202 411 202 310 411
0 65 0 1 2 6 8 15 65
8 289 8 15 27 228 289
0 1 0 1
6 218 6 8 10 12 218
93 437 93 437
0 93 0 11 13 31 93
0 164 0 1 2 16 22 109 164
11 360 11 13 23 115 173 360
1 291 1 2 6 25 33 51 167 291
2 43 2 6 25 43
0 48 0 1 2 6 25 33 48
2 486 2 6 106 231 486
0 11 0 11
1 10 1 2 6 8 10
23 115 23 115
11 318 11 136 242 318
1 51 1 2 6 25 33 51
8 30 8 10 30
3 21 3 21
0 132 0 11 13 17 132
0 109 0 1 2 16 22 109
0 222 0 11 26 44 209 222
1 116 1 2 6 8 15 27 92 116
2 396 2 6 25 33 48 235 323 396
1 211 1 2 6 25 33 51 121 211
0 128 0 1 2 6 8 10 30 38 128
0 75 0 1 2 6 8 10 54 75
8 37 8 10 37
1 145 1 2 6 8 20 32 45 145
1 124 1 2 6 8 19 36 42 124
0 106 0 1 2 6 106
1 152 1 2 6 8 15 29 129 152
19 198 19 36 42 63 198
44 209 44 209
8 454 8 15 217 237 314 402 454
0 284 0 11 13 17 69 284
0 15 0 1 2 6 8 15
0 26 0 11 26
25 457 25 33 457
1 18 1 18
1 73 1 18 73
284 321 284 321
0 8 0 1 2 6 8
8 117 8 10 30 117
0 268 0 11 13 31 201 268
2 6 2 6
1 422 1 2 16 22 88 204 422
0 10 0 1 2 6 8 10
0 10 0 1 2 6 8 10
13 224 13 31 93 137 224
0 30 0 1 2 6 8 10 30
10 335 10 86 146 234 335
10 117 10 30 117
0 361 0 1 2 6 25 175 361
1 357 1 2 6 8 10 37 253 357
8 54 8 10 54
31 476 31 68 185 476
0 128 0 1 2 6 8 10 30 38 128
407 455 407 455
10 37 10 37
1 299 1 2 16 22 109 164 299
3 55 3 55
11 157 11 13 157
209 294 209 294
0 438 0 11 13 31 93 149 326 391 438
8 377 8 10 37 58 76 101 176 377
20 161 20 32 45 145 160 161
0 11 0 11
11 269 11 13 31 201 268 269
15 126 15 126
11 312 11 13 17 132 312
1 64 1 2 6 8 10 12 28 64
25 175 25 175
0 164 0 1 2 16 22 109 164
0 13 0 11 13
13 271 13 31 49 170 271
1 168 1 2 16 22 59 112 168
13 192 13 31 192
0 24 0 1 24
2 75 2 6 8 10 54 75
2 16 2 16
2 75 2 6 8 10 54 75
0 20 0 1 2 6 8 20
0 121 0 1 2 6 25 33 51 121
0 106 0 1 2 6 106
0 115 0 11 13 23 115
2 37 2 6 8 10 37
1 2 1 2
2 70 2 6 8 15 65 70
44 344 44 209 222 344
2 50 2 6 8 15 29 50
23 319 23 115 319
76 493 76 101 176 225 256 493
0 11 0 11
2 19 2 6 8 19
20 45 20 32 45
0 33 0 1 2 6 25 33
3 429 3 429
1 10 1 2 6 8 10
136 318 136 242 318
1 362 1 2 16 22 59 311 362
0 8 0 1 2 6 8
0 2 0 1 2
413 420 413 420
0 11 0 11
2 6 2 6
8 42 8 19 36 42
2 431 2 6 8 19 431
2 320 2 6 8 15 162 205 320
8 9 8 9
1 156 1 2 6 25 43 85 156
64 119 64 119
1 2 1 2
0 24 0 1 24
0 17 0 11 13 17
2 493 2 6 8 10 37 58 76 101 176 225 256 493
13 185 13 31 68 185
7 171 7 62 133 171
0 44 0 11 26 44
0 12 0 1 2 6 8 10 12
1 111 1 2 16 111
2 6 2 6
2 14 2 6 8 9 14
1 133 1 5 7 62 133
0 170 0 11 13 31 49 170
0 56 0 1 2 6 8 9 56
6 78 6 8 9 14 78
2 65 2 6 8 15 65
1 65 1 2 6 8 15 65
8 472 8 10 37 58 84 102 472
0 157 0 11 13 157
0 31 0 11 13 31
0 86 0 1 2 6 8 10 86
9 464 9 14 78 428 464
0 2 0 1 2
131 191 131 191
0 8 0 1 2 6 8
6 116 6 8 15 27 92 116
0 31 0 11 13 31
1 76 1 2 6 8 10 37 58 76
11 318 11 136 242 318
2 42 2 6 8 19 36 42
0 207 0 1 2 6 8 10 12 79 165 207
0 32 0 1 2 6 8 20 32
6 120 6 8 10 120
32 35 32 35
11 185 11 13 31 68 185
2 113 2 6 113
0 15 0 1 2 6 8 15
0 8 0 1 2 6 8
10 345 10 12 28 64 119 139 345
8 42 8 19 36 42
13 376 13 31 68 185 376
11 297 11 104 297
0 284 0 11 13 17 69 284
5 385 5 7 62 127 370 385
6 8 6 8
11 468 11 13 31 68 185 352 468
317 350 317 350
131 274 131 236 274
11 26 11 26
11 44 11 26 44
0 176 0 1 2 6 8 10 37 58 76 101 176
1 433 1 2 6 8 15 29 129 152 409 424 433
14 466 14 96 108 466
1 12 1 2 6 8 10 12
2 355 2 6 25 33 51 121 143 355
2 15 2 6 8 15
201 269 201 268 269
10 119 10 12 28 64 119
1 8 1 2 6 8
2 48 2 6 25 33 48
0 309 0 1 2 6 25 43 309
11 26 11 26
0 13 0 11 13
8 37 8 10 37
8 19 8 19
0 197 0 11 13 23 115 173 197
0 136 0 11 136
1 33 1 2 6 25 33
0 26 0 11 26
0 39 0 39
1 216 1 2 6 8 10 12 79 165 207 216
2 239 2 6 8 10 37 58 84 102 239
0 17 0 11 13 17
8 412 8 15 126 412
10 395 10 30 395
31 192 31 192
33 291 33 51 167 291
6 79 6 8 10 12 79
0 381 0 381
2 167 2 6 25 33 51 167
11 13 11 13
33 72 33 72
11 411 11 13 202 310 411
59 180 59 180
2 175 2 6 25 175
0 165 0 1 2 6 8 10 12 79 165
0 75 0 1 2 6 8 10 54 75
15 424 15 29 129 152 409 424
2 10 2 6 8 10
1 200 1 2 4 200
1 347 1 2 6 8 10 54 347
0 144 0 11 13 23 144
1 43 1 2 6 25 43
15 29 15 29
1 24 1 24
8 10 8 10
0 2 0 1 2
1 2 1 2
8 303 8 10 54 75 303
11 210 11 13 31 68 185 210
0 48 0 1 2 6 25 33 48
11 268 11 13 31 201 268
1 275 1 24 275
0 381 0 381
15 65 15 65
1 475 1 2 6 8 20 32 45 145 147 475
1 496 1 2 6 8 20 32 35 339 496
202 310 202 310
26 248 26 248
30 179 30 179
11 248 11 26 248
0 26 0 11 26
2 427 2 6 8 9 14 96 401 427
2 8 2 6 8
8 10 8 10
2 160 2 6 8 20 32 45 145 160
6 19 6 8 19
11 280 11 13 31 280
2 10 2 6 8 10
1 15 1 2 6 8 15
2 109 2 16 22 109
1 8 1 2 6 8
5 7 5 7
6 33 6 25 33
2 8 2 6 8
11 346 11 13 31 201 346
0 69 0 11 13 17 69
208 403 208 403
0 2 0 1 2
3 429 3 429
1 2 1 2
11 13 11 13
2 37 2 6 8 10 37
11 23 11 13 23
11 391 11 13 31 93 149 326 391
8 79 8 10 12 79
2 139 2 6 8 10 12 28 64 119 139
1 8 1 2 6 8
11 31 11 13 31
0 155 0 1 2 6 8 15 29 129 152 155
62 301 62 301
11 13 11 13
6 9 6 8 9
47 435 47 435
1 111 1 2 16 111
8 142 8 10 12 28 64 119 139 142
0 11 0 11
8 477 8 15 65 418 477
6 42 6 8 19 36 42
8 10 8 10
27 289 27 228 289
1 33 1 2 6 25 33
13 31 13 31
6 121 6 25 33 51 121
10 12 10 12
29 433 29 129 152 409 424 433
13 271 13 31 49 170 271
6 129 6 8 15 29 129
2 282 2 6 8 15 29 50 107 282
8 45 8 20 32 45
168 408 168 408
25 51 25 33 51
2 176 2 6 8 10 37 58 76 101 176
15 265 15 217 265
13 148 13 23 114 148
2 453 2 6 8 10 37 58 76 101 176 225 256 328 453
1 10 1 2 6 8 10
0 6 0 1 2 6
1 111 1 2 16 111
1 434 1 2 3 82 434
0 12 0 1 2 6 8 10 12
1 440 1 18 41 166 440
201 346 201 346
17 184 17 132 184
5 133 5 7 62 133
6 14 6 8 9 14
11 17 11 13 17
0 11 0 11
7 133 7 62 133
11 376 11 13 31 68 185 376
1 275 1 24 275
0 68 0 11 13 31 68
1 51 1 2 6 25 33 51
2 37 2 6 8 10 37
0 184 0 11 13 17 132 184
6 160 6 8 20 32 45 145 160
10 395 10 30 395
1 125 1 2 6 8 15 46 125
0 23 0 11 13 23
2 25 2 6 25
1 6 1 2 6
1 33 1 2 6 25 33
1 10 1 2 6 8 10
1 152 1 2 6 8 15 29 129 152
0 11 0 11
1 286 1 2 16 22 109 164 286
0 128 0 1 2 6 8 10 30 38 128
6 45 6 8 20 32 45
0 1 0 1
1 375 1 2 6 8 10 30 375
8 165 8 10 12 79 165
1 12 1 2 6 8 10 12
1 32 1 2 6 8 20 32
0 38 0 1 2 6 8 10 30 38
0 314 0 1 2 6 8 15 217 237 314
1 366 1 2 6 8 10 30 38 366
0 10 0 1 2 6 8 10
1 59 1 2 16 22 59
23 436 23 144 436
6 457 6 25 33 457
0 22 0 1 2 16 22
11 329 11 13 17 69 284 313 329
0 48 0 1 2 6 25 33 48
173 392 173 197 392
0 33 0 1 2 6 25 33
1 167 1 2 6 25 33 51 167
11 363 11 13 23 115 319 363
23 114 23 114
0 10 0 1 2 6 8 10
0 19 0 1 2 6 8 19
19 42 19 36 42
2 238 2 6 8 20 32 35 238
0 11 0 11
6 8 6 8
2 9 2 6 8 9
6 12 6 8 10 12
182 369 182 369
0 16 0 1 2 16
0 458 0 11 13 17 194 458
1 86 1 2 6 8 10 86
133 171 133 171
15 152 15 29 129 152
1 10 1 2 6 8 10
11 185 11 13 31 68 185
13 115 13 23 115
11 249 11 13 23 115 249
31 268 31 201 268
0 157 0 11 13 157
1 2 1 2
11 95 11 26 95
15 412 15 126 412
6 398 6 8 10 54 75 303 398
1 2 1 2
0 1 0 1
0 8 0 1 2 6 8
10 485 10 12 83 485
0 236 0 11 26 131 236
62 133 62 133
60 461 60 77 258 333 443 461
1 37 1 2 6 8 10 37
0 3 0 1 2 3
6 156 6 25 43 85 156
0 51 0 1 2 6 25 33 51
26 236 26 131 236
11 208 11 13 157 208
2 379 2 6 8 15 153 215 379
20 410 20 32 304 410
6 9 6 8 9
0 32 0 1 2 6 8 20 32
1 182 1 2 16 40 57 182
25 323 25 33 48 235 323
1 365 1 2 6 8 15 153 158 365
11 343 11 26 131 343
1 359 1 2 6 8 9 14 186 254 359
6 20 6 8 20
8 395 8 10 30 395
13 495 13 31 140 495
0 6 0 1 2 6
8 10 8 10
1 59 1 2 16 22 59
0 1 0 1
2 483 2 6 8 20 32 35 238 483
11 26 11 26
0 19 0 1 2 6 8 19
1 10 1 2 6 8 10
133 382 133 171 382
6 25 6 25
0 381 0 381
2 279 2 6 8 15 27 92 279
19 36 19 36
13 93 13 31 93
0 157 0 11 13 157
1 59 1 2 16 22 59
2 8 2 6 8
1 464 1 2 6 8 9 14 78 428 464
1 12 1 2 6 8 10 12
8 176 8 10 37 58 76 101 176
6 33 6 25 33
0 93 0 11 13 31 93
6 8 6 8
2 51 2 6 25 33 51
1 18 1 18
62 171 62 133 171
2 15 2 6 8 15
2 8 2 6 8
32 145 32 45 145
13 411 13 202 310 411
8 19 8 19
8 10 8 10
10 76 10 37 58 76
1 6 1 2 6
127 385 127 370 385
0 115 0 11 13 23 115
31 68 31 68
136 380 136 242 380
2 81 2 6 8 20 81
2 19 2 6 8 19
11 436 11 13 23 144 436
11 184 11 13 17 132 184
2 29 2 6 8 15 29
0 454 0 1 2 6 8 15 217 237 314 402 454
1 101 1 2 6 8 10 37 58 76 101
62 370 62 127 370
6 63 6 8 19 36 42 63
26 294 26 44 209 294
0 9 0 1 2 6 8 9
8 10 8 10
1 10 1 2 6 8 10
0 34 0 1 2 4 34
8 398 8 10 54 75 303 398
22 80 22 80
10 30 10 30
2 100 2 4 34 100
0 6 0 1 2 6
22 372 22 80 372
1 153 1 2 6 8 15 153
20 32 20 32
0 16 0 1 2 16
0 1 0 1
15 70 15 65 70
0 418 0 1 2 6 8 15 65 418
0 8 0 1 2 6 8
1 151 1 2 16 151
0 209 0 11 26 44 209
86 335 86 146 234 335
1 350 1 2 6 25 33 51 121 211 317 350
6 58 6 8 10 37 58
0 8 0 1 2 6 8
1 383 1 2 6 8 20 32 45 145 160 383
0 11 0 11
1 28 1 2 6 8 10 12 28
0 194 0 11 13 17 194
2 54 2 6 8 10 54
0 381 0 381
6 8 6 8
0 151 0 1 2 16 151
0 243 0 1 2 6 8 15 29 129 152 155 196 243
1 18 1 18
8 75 8 10 54 75
6 10 6 8 10
59 168 59 112 168
0 23 0 11 13 23
157 423 157 208 423
2 336 2 6 8 20 32 45 145 160 336
1 14 1 2 6 8 9 14
2 276 2 6 25 33 67 103 276
339 496 339 496
0 93 0 11 13 31 93
15 155 15 29 129 152 155
1 22 1 2 16 22
11 284 11 13 17 69 284
116 414 116 414
1 2 1 2
29 409 29 129 152 409
2 499 2 6 8 10 499
145 227 145 147 227
0 147 0 1 2 6 8 20 32 45 145 147
0 88 0 1 2 16 22 88
0 173 0 11 13 23 115 173
1 20 1 2 6 8 20
32 238 32 35 238
2 15 2 6 8 15
15 217 15 217
1 179 1 2 6 8 10 30 179
8 214 8 10 30 38 128 214
0 10 0 1 2 6 8 10
8 10 8 10
2 56 2 6 8 9 56
1 467 1 2 16 40 57 467
2 487 2 6 25 33 51 266 487
1 70 1 2 6 8 15 65 70
186 254 186 254
1 407 1 2 6 8 10 12 407
0 16 0 1 2 16
1 37 1 2 6 8 10 37
11 31 11 13 31
15 196 15 29 129 152 155 196
1 14 1 2 6 8 9 14
1 10 1 2 6 8 10
1 442 1 2 6 8 10 86 442
0 81 0 1 2 6 8 20 81
1 478 1 2 6 8 15 27 228 289 478
26 222 26 44 209 222
0 20 0 1 2 6 8 20
14 186 14 186
19 135 19 36 135
0 147 0 1 2 6 8 20 32 45 145 147
2 304 2 6 8 20 32 304
26 274 26 131 236 274
314 484 314 402 454 484
2 30 2 6 8 10 30
0 17 0 11 13 17
13 17 13 17
2 37 2 6 8 10 37
0 370 0 1 5 7 62 127 370
2 48 2 6 25 33 48
2 6 2 6
6 8 6 8
1 99 1 2 6 8 9 14 91 99
0 176 0 1 2 6 8 10 37 58 76 101 176
149 326 149 326
0 62 0 1 5 7 62
6 14 6 8 9 14
6 51 6 25 33 51
2 263 2 6 8 9 14 186 254 263
8 247 8 10 37 247
68 399 68 185 399
2 8 2 6 8
1 431 1 2 6 8 19 431
1 316 1 2 6 8 10 37 316
6 14 6 8 9 14
0 354 0 1 2 6 25 33 48 66 354
20 35 20 32 35
0 7 0 1 5 7
11 435 11 26 47 435
2 21 2 3 21
1 441 1 2 6 8 10 54 75 134 169 441
32 145 32 45 145
8 466 8 9 14 96 108 466
2 8 2 6 8
2 400 2 6 8 10 54 75 97 400
1 463 1 2 6 8 10 54 75 463
268 269 268 269
6 169 6 8 10 54 75 134 169
0 115 0 11 13 23 115
0 438 0 11 13 31 93 149 326 391 438
26 95 26 95
182 369 182 369
18 444 18 444
0 387 0 1 2 6 8 10 12 28 64 119 139 387
2 35 2 6 8 20 32 35
13 271 13 31 49 170 271
0 69 0 11 13 17 69
0 170 0 11 13 31 49 170
0 268 0 11 13 31 201 268
2 57 2 16 40 57
0 185 0 11 13 31 68 185
1 2 1 2
2 16 2 16
5 370 5 7 62 127 370
6 76 6 8 10 37 58 76
17 194 17 194
13 157 13 157
0 10 0 1 2 6 8 10
109 164 109 164
1 471 1 2 6 8 10 12 28 64 119 139 387 471
15 412 15 126 412
6 154 6 8 20 81 87 154
1 2 1 2
1 45 1 2 6 8 20 32 45
0 62 0 1 5 7 62
1 199 1 2 6 25 43 85 156 199
1 431 1 2 6 8 19 431
0 26 0 11 26
0 13 0 11 13
2 211 2 6 25 33 51 121 211
1 160 1 2 6 8 20 32 45 145 160
62 385 62 127 370 385
13 495 13 31 140 495
113 426 113 221 251 368 373 426
2 15 2 6 8 15
1 33 1 2 6 25 33
9 464 9 14 78 428 464
0 44 0 11 26 44
6 30 6 8 10 30
1 6 1 2 6
1 275 1 24 275
1 43 1 2 6 25 43
10 493 10 37 58 76 101 176 225 256 493
11 403 11 13 157 208 403
8 74 8 19 36 42 74
2 51 2 6 25 33 51
8 129 8 15 29 129
0 151 0 1 2 16 151
1 14 1 2 6 8 9 14
58 493 58 76 101 176 225 256 493
0 1 0 1
6 175 6 25 175
1 429 1 2 3 429
2 45 2 6 8 20 32 45
1 8 1 2 6 8
0 8 0 1 2 6 8
2 59 2 16 22 59
11 115 11 13 23 115
11 329 11 13 17 69 284 313 329
6 8 6 8
18 440 18 41 166 440
0 151 0 1 2 16 151
25 445 25 33 51 121 143 355 445
18 444 18 444
0 43 0 1 2 6 25 43
62 370 62 127 370
1 333 1 2 6 8 20 32 35 60 77 258 333
0 11 0 11
31 346 31 201 346
2 16 2 16
1 109 1 2 16 22 109
31 346 31 201 346
1 30 1 2 6 8 10 30
88 422 88 204 422
2 8 2 6 8
0 2 0 1 2
1 6 1 2 6
2 196 2 6 8 15 29 129 152 155 196
2 8 2 6 8
2 218 2 6 8 10 12 218
0 18 0 1 18
0 29 0 1 2 6 8 15 29
11 13 11 13
8 347 8 10 54 347
1 120 1 2 6 8 10 120
8 456 8 10 12 79 89 456
0 39 0 39
121 308 121 211 308
1 5 1 5
20 32 20 32
1 8 1 2 6 8
0 13 0 11 13
25 143 25 33 51 121 143
0 33 0 1 2 6 25 33
0 76 0 1 2 6 8 10 37 58 76
1 171 1 5 7 62 133 171
0 15 0 1 2 6 8 15
164 286 164 286
9 401 9 14 96 401
0 8 0 1 2 6 8
0 11 0 11
11 343 11 26 131 343
2 33 2 6 25 33
0 228 0 1 2 6 8 15 27 228
0 2 0 1 2
0 13 0 11 13
1 5 1 5
6 10 6 8 10
0 11 0 11
1 15 1 2 6 8 15
11 157 11 13 157
37 342 37 316 342
11 31 11 13 31
2 22 2 16 22
15 477 15 65 418 477
12 90 12 90
168 408 168 408
1 2 1 2
0 51 0 1 2 6 25 33 51
0 57 0 1 2 16 40 57
0 2 0 1 2
0 186 0 1 2 6 8 9 14 186
0 101 0 1 2 6 8 10 37 58 76 101
6 15 6 8 15
0 5 0 1 5
31 170 31 49 170
84 102 84 102
2 480 2 6 8 10 37 58 84 102 472 480
0 15 0 1 2 6 8 15
0 2 0 1 2
26 435 26 47 435
0 9 0 1 2 6 8 9
1 9 1 2 6 8 9
13 374 13 17 194 374
11 114 11 13 23 114
2 260 2 6 8 10 12 28 64 119 139 142 174 260
0 8 0 1 2 6 8
1 331 1 2 6 8 15 217 237 290 331
18 444 18 444
0 1 0 1
6 231 6 106 231
0 26 0 11 26
0 64 0 1 2 6 8 10 12 28 64
0 381 0 381
1 43 1 2 6 25 43
10 117 10 30 117
0 373 0 1 2 6 113 221 251 368 373
127 370 127 370
8 10 8 10
2 109 2 16 22 109
0 238 0 1 2 6 8 20 32 35 238
8 108 8 9 14 96 108
46 307 46 307
2 156 2 6 25 43 85 156
1 238 1 2 6 8 20 32 35 238
0 6 0 1 2 6
1 7 1 5 7
0 237 0 1 2 6 8 15 217 237
1 420 1 24 118 413 420
0 17 0 11 13 17
15 307 15 46 307
2 169 2 6 8 10 54 75 134 169
81 257 81 257
16 378 16 151 378
23 115 23 115
2 151 2 16 151
0 284 0 11 13 17 69 284
290 331 290 331
0 202 0 11 13 202
0 75 0 1 2 6 8 10 54 75
14 91 14 91
131 343 131 343
0 1 0 1
122 223 122 223
2 66 2 6 25 33 48 66
1 14 1 2 6 8 9 14
1 246 1 2 4 246
1 457 1 2 6 25 33 457
2 16 2 16
119 195 119 139 195
11 293 11 26 44 293
0 40 0 1 2 16 40
13 49 13 31 49
0 10 0 1 2 6 8 10
6 427 6 8 9 14 96 401 427
0 136 0 11 136
194 374 194 374
0 51 0 1 2 6 25 33 51
1 2 1 2
84 481 84 102 239 481
6 383 6 8 20 32 45 145 160 383
157 208 157 208
0 2 0 1 2
0 10 0 1 2 6 8 10
6 8 6 8
121 143 121 143
2 6 2 6
236 274 236 274
0 381 0 381
4 34 4 34
11 360 11 13 23 115 173 360
0 171 0 1 5 7 62 133 171
0 1 0 1
1 282 1 2 6 8 15 29 50 107 282
0 8 0 1 2 6 8
1 79 1 2 6 8 10 12 79
18 440 18 41 166 440
1 429 1 2 3 429
11 293 11 26 44 293
0 8 0 1 2 6 8
0 116 0 1 2 6 8 15 27 92 116
1 219 1 2 6 8 10 12 79 219
1 25 1 2 6 25
2 100 2 4 34 100
2 102 2 6 8 10 37 58 84 102
1 412 1 2 6 8 15 126 412
0 222 0 11 26 44 209 222
0 10 0 1 2 6 8 10
0 39 0 39
1 33 1 2 6 25 33
1 10 1 2 6 8 10
0 37 0 1 2 6 8 10 37
2 6 2 6
14 267 14 91 267
1 41 1 18 41
0 25 0 1 2 6 25
1 471 1 2 6 8 10 12 28 64 119 139 387 471
1 42 1 2 6 8 19 36 42
8 79 8 10 12 79
0 43 0 1 2 6 25 43
6 116 6 8 15 27 92 116
1 2 1 2
105 233 105 233
0 25 0 1 2 6 25
1 369 1 2 16 40 57 182 369
115 363 115 319 363
1 471 1 2 6 8 10 12 28 64 119 139 387 471
13 23 13 23
44 447 44 209 222 447
0 20 0 1 2 6 8 20
136 380 136 242 380
1 15 1 2 6 8 15
0 1 0 1
2 187 2 6 25 175 187
1 258 1 2 6 8 20 32 35 60 77 258
0 126 0 1 2 6 8 15 126
153 479 153 158 479
0 2 0 1 2
2 20 2 6 8 20
0 1 0 1
0 86 0 1 2 6 8 10 86
0 25 0 1 2 6 25
2 340 2 302 340
2 334 2 6 8 10 12 79 110 334
0 2 0 1 2
0 15 0 1 2 6 8 15
8 61 8 9 56 61
12 79 12 79
38 193 38 128 193
1 82 1 2 3 82
6 267 6 8 9 14 91 267
1 304 1 2 6 8 20 32 304
0 217 0 1 2 6 8 15 217
1 389 1 2 16 22 109 164 286 389
0 209 0 11 26 44 209
2 4 2 4
2 35 2 6 8 20 32 35
13 202 13 202
2 45 2 6 8 20 32 45
0 11 0 11
0 26 0 11 26
2 15 2 6 8 15
11 497 11 13 17 497
0 78 0 1 2 6 8 9 14 78
25 445 25 33 51 121 143 355 445
0 7 0 1 5 7
302 340 302 340
0 10 0 1 2 6 8 10
1 128 1 2 6 8 10 30 38 128
15 424 15 29 129 152 409 424
29 337 29 71 337
0 109 0 1 2 16 22 109
1 15 1 2 6 8 15
1 8 1 2 6 8
0 2 0 1 2
0 164 0 1 2 16 22 109 164
2 10 2 6 8 10
1 171 1 5 7 62 133 171
8 375 8 10 30 375
0 24 0 1 24
19 123 19 36 42 63 94 123
10 30 10 30
11 465 11 13 23 115 465
1 389 1 2 16 22 109 164 286 389
6 9 6 8 9
0 42 0 1 2 6 8 19 36 42
1 35 1 2 6 8 20 32 35
0 14 0 1 2 6 8 9 14
0 11 0 11
1 45 1 2 6 8 20 32 45
35 244 35 122 223 244
11 144 11 13 23 144
0 75 0 1 2 6 8 10 54 75
0 26 0 11 26
0 13 0 11 13
0 15 0 1 2 6 8 15
2 10 2 6 8 10
242 380 242 380
16 57 16 40 57
0 185 0 11 13 31 68 185
1 91 1 2 6 8 9 14 91
15 265 15 217 265
8 38 8 10 30 38
1 2 1 2
2 16 2 16
64 203 64 119 139 195 203
1 8 1 2 6 8
1 16 1 2 16
6 54 6 8 10 54
6 8 6 8
0 23 0 11 13 23
0 196 0 1 2 6 8 15 29 129 152 155 196
2 250 2 6 8 10 37 58 76 101 250
0 11 0 11
0 1 0 1
2 53 2 6 8 19 36 53
1 15 1 2 6 8 15
1 6 1 2 6
0 57 0 1 2 16 40 57
0 2 0 1 2
1 2 1 2
0 5 0 1 5
11 69 11 13 17 69
2 147 2 6 8 20 32 45 145 147
11 321 11 13 17 69 284 321
1 10 1 2 6 8 10
0 211 0 1 2 6 25 33 51 121 211
11 208 11 13 157 208
1 198 1 2 6 8 19 36 42 63 198
1 429 1 2 3 429
2 52 2 6 8 10 30 38 52
2 3 2 3
0 106 0 1 2 6 106
7 171 7 62 133 171
37 58 37 58
0 196 0 1 2 6 8 15 29 129 152 155 196
11 346 11 13 31 201 346
1 42 1 2 6 8 19 36 42
17 321 17 69 284 321
0 1 0 1
0 1 0 1
136 432 136 432
1 492 1 2 16 22 109 164 299 492
0 8 0 1 2 6 8
0 75 0 1 2 6 8 10 54 75
2 30 2 6 8 10 30
1 25 1 2 6 25
2 164 2 16 22 109 164
2 10 2 6 8 10
2 8 2 6 8
11 488 11 13 17 69 488
2 205 2 6 8 15 162 205
1 409 1 2 6 8 15 29 129 152 409
1 99 1 2 6 8 9 14 91 99
6 8 6 8
1 52 1 2 6 8 10 30 38 52
31 68 31 68
0 33 0 1 2 6 25 33
6 366 6 8 10 30 38 366
0 38 0 1 2 6 8 10 30 38
11 93 11 13 31 93
8 365 8 15 153 158 365
1 65 1 2 6 8 15 65
370 385 370 385
1 121 1 2 6 25 33 51 121
11 115 11 13 23 115
11 31 11 13 31
2 499 2 6 8 10 499
0 6 0 1 2 6
1 484 1 2 6 8 15 217 237 314 402 454 484
48 494 48 235 323 396 448 494
0 16 0 1 2 16
0 79 0 1 2 6 8 10 12 79
88 204 88 204
11 224 11 13 31 93 137 224
1 8 1 2 6 8
323 494 323 396 448 494
0 13 0 11 13
73 278 73 278
2 384 2 6 25 43 309 384
0 32 0 1 2 6 8 20 32
0 319 0 11 13 23 115 319
1 475 1 2 6 8 20 32 45 145 147 475
6 449 6 25 33 449
0 8 0 1 2 6 8
1 10 1 2 6 8 10
6 15 6 8 15
0 6 0 1 2 6
1 6 1 2 6
0 40 0 1 2 16 40
1 51 1 2 6 25 33 51
0 8 0 1 2 6 8
0 428 0 1 2 6 8 9 14 78 428
16 22 16 22
2 53 2 6 8 19 36 53
6 320 6 8 15 162 205 320
0 10 0 1 2 6 8 10
1 362 1 2 16 22 59 311 362
0 36 0 1 2 6 8 19 36
0 23 0 11 13 23
2 25 2 6 25
1 133 1 5 7 62 133
1 357 1 2 6 8 10 37 253 357
57 467 57 467
15 65 15 65
1 372 1 2 16 22 80 372
29 220 29 50 220
0 104 0 11 104
16 80 16 22 80
2 89 2 6 8 10 12 79 89
51 121 51 121
0 23 0 11 13 23
11 44 11 26 44
9 91 9 14 91
1 6 1 2 6
0 4 0 1 2 4
0 102 0 1 2 6 8 10 37 58 84 102
0 16 0 1 2 16
43 384 43 309 384
1 153 1 2 6 8 15 153
6 14 6 8 9 14
0 10 0 1 2 6 8 10
1 401 1 2 6 8 9 14 96 401
1 340 1 2 302 340
0 6 0 1 2 6
13 310 13 202 310
1 469 1 2 6 8 15 469
26 283 26 283
2 232 2 6 8 10 37 58 76 232
10 76 10 37 58 76
15 364 15 126 364
0 20 0 1 2 6 8 20
13 31 13 31
25 276 25 33 67 103 276
239 481 239 481
0 227 0 1 2 6 8 20 32 45 145 147 227
0 44 0 11 26 44
0 69 0 11 13 17 69
26 435 26 47 435
13 130 13 31 93 130
0 1 0 1
1 37 1 2 6 8 10 37
2 287 2 3 21 287
11 391 11 13 31 93 149 326 391
0 2 0 1 2
2 8 2 6 8
1 200 1 2 4 200
13 201 13 31 201
6 477 6 8 15 65 418 477
94 123 94 123
0 131 0 11 26 131
8 138 8 19 138
25 33 25 33
1 228 1 2 6 8 15 27 228
0 7 0 1 5 7
2 8 2 6 8
0 16 0 1 2 16
11 273 11 13 31 93 273
136 432 136 432
8 119 8 10 12 28 64 119
2 285 2 6 8 10 12 28 64 119 139 142 174 285
2 6 2 6
13 173 13 23 115 173
2 81 2 6 8 20 81
0 44 0 11 26 44
2 8 2 6 8
254 359 254 359
11 68 11 13 31 68
0 10 0 1 2 6 8 10
6 8 6 8
0 44 0 11 26 44
0 2 0 1 2
194 374 194 374
1 400 1 2 6 8 10 54 75 97 400
1 8 1 2 6 8
1 419 1 2 6 25 33 51 121 143 355 419
6 169 6 8 10 54 75 134 169
0 6 0 1 2 6
0 19 0 1 2 6 8 19
0 69 0 11 13 17 69
1 62 1 5 7 62
8 15 8 15
2 109 2 16 22 109
11 297 11 104 297
0 6 0 1 2 6
0 201 0 11 13 31 201
0 39 0 39
1 24 1 24
1 339 1 2 6 8 20 32 35 339
132 312 132 312
0 68 0 11 13 31 68
1 42 1 2 6 8 19 36 42
2 91 2 6 8 9 14 91
107 282 107 282
0 6 0 1 2 6
2 15 2 6 8 15
0 75 0 1 2 6 8 10 54 75
2 8 2 6 8
11 104 11 104
11 13 11 13
1 29 1 2 6 8 15 29
1 230 1 2 6 8 15 29 172 230
0 22 0 1 2 16 22
0 227 0 1 2 6 8 20 32 45 145 147 227
0 6 0 1 2 6
1 3 1 2 3
11 363 11 13 23 115 319 363
0 8 0 1 2 6 8
1 54 1 2 6 8 10 54
2 323 2 6 25 33 48 235 323
54 75 54 75
37 342 37 316 342
1 467 1 2 16 40 57 467
1 178 1 178
0 54 0 1 2 6 8 10 54
2 14 2 6 8 9 14
2 81 2 6 8 20 81
11 31 11 13 31
2 342 2 6 8 10 37 316 342
1 96 1 2 6 8 9 14 96
5 7 5 7
0 381 0 381
16 59 16 22 59
0 1 0 1
1 10 1 2 6 8 10
0 23 0 11 13 23
1 111 1 2 16 111
22 397 22 109 164 286 397
8 12 8 10 12
11 69 11 13 17 69
24 275 24 275
6 12 6 8 10 12
0 164 0 1 2 16 22 109 164
1 206 1 5 7 62 206
0 11 0 11
0 8 0 1 2 6 8
0 16 0 1 2 16
0 381 0 381
6 30 6 8 10 30
50 388 50 107 282 388
0 17 0 11 13 17
1 28 1 2 6 8 10 12 28
13 185 13 31 68 185
0 222 0 11 26 44 209 222
0 211 0 1 2 6 25 33 51 121 211
0 2 0 1 2
58 256 58 76 101 176 225 256
170 271 170 271
2 126 2 6 8 15 126
0 2 0 1 2
8 30 8 10 30
11 13 11 13
108 466 108 466
0 7 0 1 5 7
2 6 2 6
0 286 0 1 2 16 22 109 164 286
8 20 8 20
6 433 6 8 15 29 129 152 409 424 433
2 6 2 6
0 201 0 11 13 31 201
13 23 13 23
0 8 0 1 2 6 8
0 1 0 1
0 25 0 1 2 6 25
1 2 1 2
6 15 6 8 15
1 253 1 2 6 8 10 37 253
0 30 0 1 2 6 8 10 30
32 45 32 45
20 32 20 32
0 78 0 1 2 6 8 9 14 78
1 235 1 2 6 25 33 48 235
11 95 11 26 95
6 46 6 8 15 46
6 333 6 8 20 32 35 60 77 258 333
1 16 1 2 16
0 184 0 11 13 17 132 184
30 38 30 38
31 280 31 280
16 57 16 40 57
1 464 1 2 6 8 9 14 78 428 464
1 264 1 2 6 8 9 14 96 108 264
2 8 2 6 8
0 67 0 1 2 6 25 33 67
1 8 1 2 6 8
1 378 1 2 16 151 378
8 58 8 10 37 58
6 70 6 8 15 65 70
0 13 0 11 13
6 28 6 8 10 12 28
9 96 9 14 96
2 30 2 6 8 10 30
5 301 5 7 62 301
0 8 0 1 2 6 8
2 54 2 6 8 10 54
0 87 0 1 2 6 8 20 81 87
0 2 0 1 2
0 121 0 1 2 6 25 33 51 121
0 7 0 1 5 7
59 180 59 180
11 31 11 13 31
0 12 0 1 2 6 8 10 12
0 58 0 1 2 6 8 10 37 58
1 255 1 2 6 8 10 54 75 134 169 255
0 222 0 11 26 44 209 222
0 197 0 11 13 23 115 173 197
2 10 2 6 8 10
1 275 1 24 275
6 108 6 8 9 14 96 108
13 201 13 31 201
1 285 1 2 6 8 10 12 28 64 119 139 142 174 285
37 232 37 58 76 232
30 179 30 179
26 44 26 44
0 2 0 1 2
10 247 10 37 247
4 34 4 34
1 277 1 18 277
6 456 6 8 10 12 79 89 456
0 130 0 11 13 31 93 130
136 242 136 242
0 39 0 39
5 206 5 7 62 206
0 2 0 1 2
8 174 8 10 12 28 64 119 139 142 174
0 2 0 1 2
6 193 6 8 10 30 38 128 193
2 54 2 6 8 10 54
6 72 6 25 33 72
1 254 1 2 6 8 9 14 186 254
2 81 2 6 8 20 81
0 3 0 1 2 3
0 71 0 1 2 6 8 15 29 71
2 254 2 6 8 9 14 186 254
0 282 0 1 2 6 8 15 29 50 107 282
1 322 1 2 6 8 20 32 45 322
1 85 1 2 6 25 43 85
13 458 13 17 194 458
93 149 93 149
0 221 0 1 2 6 113 221
0 58 0 1 2 6 8 10 37 58
6 45 6 8 20 32 45
29 243 29 129 152 155 196 243
0 44 0 11 26 44
1 12 1 2 6 8 10 12
1 286 1 2 16 22 109 164 286
1 8 1 2 6 8
2 404 2 6 8 20 32 35 122 404
26 293 26 44 293
1 232 1 2 6 8 10 37 58 76 232
1 124 1 2 6 8 19 36 42 124
1 276 1 2 6 25 33 67 103 276
1 186 1 2 6 8 9 14 186
1 8 1 2 6 8
2 45 2 6 8 20 32 45
6 10 6 8 10
13 31 13 31
2 272 2 6 25 33 67 103 272
2 452 2 6 8 15 65 183 452
0 1 0 1
2 231 2 6 106 231
1 171 1 5 7 62 133 171
81 87 81 87
0 13 0 11 13
8 10 8 10
6 480 6 8 10 37 58 84 102 472 480
6 74 6 8 19 36 42 74
251 426 251 368 373 426
0 2 0 1 2
0 26 0 11 26
1 330 1 2 16 22 88 212 330
18 444 18 444
11 26 11 26
11 249 11 13 23 115 249
1 30 1 2 6 8 10 30
11 93 11 13 31 93
0 19 0 1 2 6 8 19
0 7 0 1 5 7
8 10 8 10
2 6 2 6
0 11 0 11
15 450 15 65 183 315 450
1 10 1 2 6 8 10
11 31 11 13 31
0 17 0 11 13 17
1 277 1 18 277
1 217 1 2 6 8 15 217
1 171 1 5 7 62 133 171
1 76 1 2 6 8 10 37 58 76
1 2 1 2
6 10 6 8 10
1 67 1 2 6 25 33 67
1 8 1 2 6 8
1 8 1 2 6 8
20 460 20 32 45 145 460
10 37 10 37
0 86 0 1 2 6 8 10 86
0 158 0 1 2 6 8 15 153 158
1 218 1 2 6 8 10 12 218
9 446 9 14 446
1 20 1 2 6 8 20
185 352 185 352
0 2 0 1 2
0 92 0 1 2 6 8 15 27 92
1 75 1 2 6 8 10 54 75
13 132 13 17 132
16 151 16 151
0 10 0 1 2 6 8 10
1 32 1 2 6 8 20 32
0 169 0 1 2 6 8 10 54 75 134 169
1 38 1 2 6 8 10 30 38
1 33 1 2 6 25 33
1 36 1 2 6 8 19 36
58 232 58 76 232
1 22 1 2 16 22
0 4 0 1 2 4
1 427 1 2 6 8 9 14 96 401 427
2 153 2 6 8 15 153
0 196 0 1 2 6 8 15 29 129 152 155 196
2 151 2 16 151
1 54 1 2 6 8 10 54
8 213 8 20 32 35 60 77 213
0 1 0 1
24 118 24 118
6 14 6 8 9 14
113 426 113 221 251 368 373 426
2 64 2 6 8 10 12 28 64
11 95 11 26 95
0 115 0 11 13 23 115
0 115 0 11 13 23 115
2 25 2 6 25
1 25 1 2 6 25
0 1 0 1
0 130 0 11 13 31 93 130
1 36 1 2 6 8 19 36
0 15 0 1 2 6 8 15
0 6 0 1 2 6
299 492 299 492
121 143 121 143
0 73 0 1 18 73
8 254 8 9 14 186 254
8 76 8 10 37 58 76
0 2 0 1 2
0 1 0 1
0 15 0 1 2 6 8 15
6 42 6 8 19 36 42
136 318 136 242 318
0 1 0 1
0 26 0 11 26
0 1 0 1
0 1 0 1
1 316 1 2 6 8 10 37 316
15 341 15 29 129 152 155 196 243 341
0 1 0 1
6 227 6 8 20 32 45 145 147 227
2 281 2 6 8 9 14 91 281
6 252 6 8 10 30 38 128 193 252
0 156 0 1 2 6 25 43 85 156
1 22 1 2 16 22
6 425 6 25 33 48 425
418 477 418 477
8 32 8 20 32
54 347 54 347
0 49 0 11 13 31 49
1 27 1 2 6 8 15 27
1 97 1 2 6 8 10 54 75 97
2 128 2 6 8 10 30 38 128
1 287 1 2 3 21 287
0 22 0 1 2 16 22
2 8 2 6 8
11 192 11 13 31 192
0 227 0 1 2 6 8 20 32 45 145 147 227
0 3 0 1 2 3
11 194 11 13 17 194
0 29 0 1 2 6 8 15 29
0 6 0 1 2 6
6 33 6 25 33
6 453 6 8 10 37 58 76 101 176 225 256 328 453
2 430 2 6 8 15 29 129 152 409 424 430
2 409 2 6 8 15 29 129 152 409
1 345 1 2 6 8 10 12 28 64 119 139 345
69 270 69 270
2 117 2 6 8 10 30 117
0 13 0 11 13
17 312 17 132 312
1 434 1 2 3 82 434
0 39 0 39
0 68 0 11 13 31 68
1 45 1 2 6 8 20 32 45
0 31 0 11 13 31
0 2 0 1 2
2 342 2 6 8 10 37 316 342
13 194 13 17 194
1 6 1 2 6
8 237 8 15 217 237
0 8 0 1 2 6 8
11 13 11 13
10 195 10 12 28 64 119 139 195
11 68 11 13 31 68
8 282 8 15 29 50 107 282
1 175 1 2 6 25 175
2 10 2 6 8 10
2 141 2 6 8 20 32 141
2 6 2 6
25 308 25 33 51 121 211 308
1 6 1 2 6
0 14 0 1 2 6 8 9 14
0 8 0 1 2 6 8
0 78 0 1 2 6 8 9 14 78
13 188 13 23 115 188
0 2 0 1 2
15 279 15 27 92 279
13 208 13 157 208
2 14 2 6 8 9 14
1 6 1 2 6
33 355 33 51 121 143 355
1 475 1 2 6 8 20 32 45 145 147 475
242 380 242 380
2 25 2 6 25
26 131 26 131
13 185 13 31 68 185
7 62 7 62
6 494 6 25 33 48 235 323 396 448 494
1 178 1 178
43 156 43 85 156
8 290 8 15 217 237 290
8 259 8 15 29 129 152 155 196 243 259
1 393 1 2 6 8 15 46 307 393
