2 12 2 12
2 12 2 12
5 15 5 15
0 6 0 6
0 3 0 3
0 3 0 3
7 17 7 17
0 2 0 2
0 1 0 1
0 9 0 9
2 12 2 12
0 1 0 1
9 19 9 19
4 14 4 14
0 9 0 9
0 7 0 7
0 8 0 8
0 6 0 6
7 17 7 17
0 1 0 1
3 13 3 13
5 15 5 15
3 13 3 13
8 18 8 18
5 15 5 15
0 5 0 5
0 7 0 7
0 3 0 3
0 4 0 4
1 11 1 11
5 15 5 15
6 16 6 16
5 15 5 15
7 17 7 17
0 1 0 1
1 11 1 11
2 12 2 12
0 3 0 3
4 14 4 14
2 12 2 12
1 11 1 11
0 3 0 3
0 3 0 3
0 5 0 5
0 7 0 7
8 18 8 18
5 15 5 15
0 1 0 1
9 19 9 19
6 16 6 16
0 3 0 3
0 7 0 7
3 13 3 13
9 19 9 19
0 9 0 9
0 5 0 5
7 17 7 17
0 6 0 6
0 6 0 6
3 13 3 13
9 19 9 19
0 5 0 5
0 4 0 4
0 4 0 4
0 1 0 1
0 8 0 8
0 9 0 9
9 19 9 19
4 14 4 14
6 16 6 16
9 19 9 19
7 17 7 17
3 13 3 13
9 19 9 19
6 16 6 16
0 3 0 3
3 13 3 13
0 2 0 2
0 4 0 4
6 16 6 16
1 11 1 11
9 19 9 19
0 6 0 6
6 16 6 16
0 4 0 4
6 16 6 16
1 11 1 11
8 18 8 18
0 7 0 7
0 2 0 2
0 4 0 4
7 17 7 17
0 4 0 4
0 6 0 6
8 18 8 18
0 8 0 8
0 6 0 6
2 12 2 12
0 8 0 8
3 13 3 13
0 6 0 6
0 4 0 4
8 18 8 18
0 8 0 8
0 3 0 3
0 3 0 3
8 18 8 18
0 2 0 2
0 8 0 8
0 1 0 1
0 2 0 2
0 7 0 7
0 3 0 3
6 16 6 16
2 12 2 12
0 7 0 7
0 7 0 7
0 9 0 9
3 13 3 13
0 8 0 8
8 18 8 18
2 12 2 12
5 15 5 15
3 13 3 13
0 3 0 3
0 5 0 5
1 11 1 11
4 14 4 14
1 11 1 11
5 15 5 15
0 5 0 5
0 6 0 6
0 7 0 7
5 15 5 15
0 3 0 3
8 18 8 18
0 8 0 8
4 14 4 14
6 16 6 16
0 6 0 6
0 8 0 8
2 12 2 12
6 16 6 16
0 2 0 2
8 18 8 18
0 2 0 2
0 2 0 2
0 5 0 5
8 18 8 18
0 7 0 7
6 16 6 16
1 11 1 11
0 8 0 8
8 18 8 18
0 6 0 6
0 5 0 5
0 8 0 8
0 4 0 4
5 15 5 15
0 1 0 1
8 18 8 18
0 9 0 9
0 7 0 7
5 15 5 15
7 17 7 17
0 5 0 5
5 15 5 15
9 19 9 19
4 14 4 14
0 1 0 1
9 19 9 19
0 5 0 5
0 5 0 5
3 13 3 13
0 7 0 7
3 13 3 13
0 8 0 8
3 13 3 13
0 2 0 2
9 19 9 19
0 4 0 4
1 11 1 11
5 15 5 15
0 3 0 3
7 17 7 17
5 15 5 15
0 9 0 9
9 19 9 19
0 7 0 7
0 8 0 8
0 7 0 7
0 8 0 8
0 3 0 3
6 16 6 16
2 12 2 12
0 4 0 4
3 13 3 13
1 11 1 11
0 3 0 3
0 6 0 6
0 9 0 9
9 19 9 19
2 12 2 12
1 11 1 11
0 8 0 8
0 3 0 3
3 13 3 13
0 7 0 7
2 12 2 12
0 5 0 5
3 13 3 13
9 19 9 19
0 6 0 6
7 17 7 17
7 17 7 17
3 13 3 13
5 15 5 15
1 11 1 11
9 19 9 19
0 4 0 4
7 17 7 17
0 3 0 3
2 12 2 12
0 8 0 8
4 14 4 14
1 11 1 11
3 13 3 13
5 15 5 15
3 13 3 13
7 17 7 17
0 9 0 9
0 4 0 4
0 6 0 6
9 19 9 19
0 1 0 1
0 1 0 1
9 19 9 19
6 16 6 16
0 6 0 6
1 11 1 11
9 19 9 19
9 19 9 19
0 8 0 8
0 8 0 8
0 1 0 1
0 4 0 4
9 19 9 19
0 3 0 3
2 12 2 12
3 13 3 13
7 17 7 17
0 8 0 8
5 15 5 15
0 7 0 7
0 6 0 6
9 19 9 19
1 11 1 11
4 14 4 14
6 16 6 16
5 15 5 15
9 19 9 19
0 5 0 5
0 9 0 9
0 6 0 6
0 8 0 8
4 14 4 14
0 9 0 9
0 3 0 3
0 1 0 1
0 9 0 9
8 18 8 18
0 9 0 9
3 13 3 13
0 3 0 3
0 6 0 6
0 9 0 9
4 14 4 14
3 13 3 13
2 12 2 12
0 9 0 9
0 9 0 9
0 9 0 9
3 13 3 13
1 11 1 11
9 19 9 19
1 11 1 11
0 6 0 6
0 4 0 4
6 16 6 16
0 4 0 4
6 16 6 16
5 15 5 15
0 5 0 5
0 8 0 8
5 15 5 15
0 4 0 4
9 19 9 19
0 5 0 5
1 11 1 11
0 5 0 5
2 12 2 12
7 17 7 17
0 4 0 4
3 13 3 13
5 15 5 15
0 5 0 5
0 2 0 2
0 1 0 1
0 3 0 3
0 5 0 5
0 5 0 5
6 16 6 16
0 3 0 3
5 15 5 15
6 16 6 16
7 17 7 17
0 7 0 7
6 16 6 16
2 12 2 12
0 6 0 6
0 8 0 8
4 14 4 14
3 13 3 13
0 4 0 4
4 14 4 14
0 4 0 4
0 1 0 1
0 1 0 1
0 6 0 6
0 6 0 6
0 2 0 2
7 17 7 17
3 13 3 13
0 5 0 5
0 5 0 5
0 4 0 4
0 4 0 4
0 5 0 5
0 9 0 9
7 17 7 17
2 12 2 12
2 12 2 12
0 2 0 2
2 12 2 12
0 6 0 6
1 11 1 11
1 11 1 11
0 9 0 9
0 2 0 2
9 19 9 19
0 9 0 9
0 4 0 4
1 11 1 11
0 9 0 9
0 6 0 6
9 19 9 19
8 18 8 18
0 6 0 6
0 4 0 4
2 12 2 12
9 19 9 19
0 5 0 5
0 4 0 4
0 3 0 3
0 7 0 7
4 14 4 14
8 18 8 18
0 3 0 3
5 15 5 15
0 7 0 7
4 14 4 14
0 6 0 6
0 1 0 1
2 12 2 12
8 18 8 18
1 11 1 11
0 2 0 2
0 1 0 1
5 15 5 15
0 4 0 4
0 8 0 8
0 7 0 7
0 1 0 1
9 19 9 19
0 8 0 8
9 19 9 19
3 13 3 13
0 1 0 1
8 18 8 18
0 9 0 9
8 18 8 18
1 11 1 11
0 5 0 5
6 16 6 16
7 17 7 17
0 7 0 7
9 19 9 19
3 13 3 13
0 9 0 9
0 8 0 8
0 7 0 7
0 1 0 1
0 8 0 8
0 8 0 8
8 18 8 18
8 18 8 18
1 11 1 11
0 1 0 1
0 1 0 1
0 1 0 1
1 11 1 11
9 19 9 19
0 4 0 4
0 1 0 1
7 17 7 17
0 9 0 9
1 11 1 11
0 3 0 3
0 6 0 6
0 9 0 9
0 9 0 9
0 2 0 2
0 3 0 3
4 14 4 14
1 11 1 11
0 3 0 3
6 16 6 16
2 12 2 12
6 16 6 16
0 1 0 1
2 12 2 12
5 15 5 15
9 19 9 19
4 14 4 14
0 2 0 2
7 17 7 17
9 19 9 19
6 16 6 16
0 7 0 7
9 19 9 19
9 19 9 19
0 6 0 6
8 18 8 18
0 4 0 4
9 19 9 19
0 4 0 4
0 9 0 9
0 9 0 9
0 6 0 6
9 19 9 19
0 9 0 9
0 6 0 6
0 6 0 6
0 7 0 7
6 16 6 16
0 6 0 6
5 15 5 15
0 5 0 5
0 5 0 5
0 4 0 4
6 16 6 16
1 11 1 11
6 16 6 16
0 3 0 3
0 2 0 2
0 4 0 4
1 11 1 11
0 3 0 3
0 1 0 1
0 9 0 9
0 4 0 4
4 14 4 14
0 1 0 1
2 12 2 12
2 12 2 12
0 5 0 5
5 15 5 15
4 14 4 14
9 19 9 19
7 17 7 17
9 19 9 19
6 16 6 16
0 5 0 5
5 15 5 15
3 13 3 13
4 14 4 14
0 3 0 3
0 5 0 5
0 9 0 9
2 12 2 12
6 16 6 16
0 4 0 4
6 16 6 16
3 13 3 13
0 4 0 4
0 3 0 3
8 18 8 18
1 11 1 11
0 5 0 5
0 6 0 6
8 18 8 18
8 18 8 18
0 7 0 7
0 8 0 8
0 4 0 4
0 6 0 6
0 5 0 5
0 4 0 4
0 9 0 9
0 2 0 2
0 8 0 8
0 9 0 9
9 19 9 19
1 11 1 11
9 19 9 19
4 14 4 14
7 17 7 17
0 5 0 5
0 9 0 9
5 15 5 15
6 16 6 16
0 9 0 9
0 5 0 5
0 9 0 9
4 14 4 14
0 5 0 5
2 12 2 12
0 7 0 7
7 17 7 17
6 16 6 16
9 19 9 19
2 12 2 12
2 12 2 12
0 2 0 2
2 12 2 12
0 8 0 8
0 8 0 8
0 2 0 2
