155 355 155 355
100 300 100 300
0 393 0 193 393
0 158 0 158
192 392 192 392
41 241 41 241
0 51 0 51
0 115 0 115
0 311 0 111 311
0 179 0 179
0 5 0 5
78 278 78 278
0 69 0 69
0 188 0 188
188 388 188 388
0 78 0 78
0 252 0 52 252
0 87 0 87
129 329 129 329
74 274 74 274
0 367 0 167 367
106 306 106 306
0 151 0 151
111 311 111 311
166 366 166 366
0 243 0 43 243
15 215 15 215
0 253 0 53 253
0 308 0 108 308
0 108 0 108
0 53 0 53
42 242 42 242
0 117 0 117
52 252 52 252
0 62 0 62
0 345 0 145 345
0 7 0 7
0 181 0 181
0 71 0 71
0 190 0 190
38 238 38 238
0 276 0 76 276
0 221 0 21 221
48 248 48 248
0 368 0 168 368
0 46 0 46
71 271 71 271
0 165 0 165
0 110 0 110
81 281 81 281
0 55 0 55
0 374 0 174 374
0 174 0 174
0 319 0 119 319
0 119 0 119
0 64 0 64
0 183 0 183
0 309 0 109 309
0 128 0 128
118 318 118 318
108 308 108 308
0 192 0 192
0 250 0 50 250
77 277 77 277
22 222 22 222
0 315 0 115 315
0 310 0 110 310
0 287 0 87 287
114 314 114 314
109 309 109 309
0 256 0 56 256
174 374 174 374
0 251 0 51 251
151 351 151 351
0 283 0 83 283
55 255 55 255
110 310 110 310
0 348 0 148 348
0 167 0 167
50 250 50 250
0 48 0 48
0 176 0 176
0 2 0 2
0 375 0 175 375
147 347 147 347
0 66 0 66
0 224 0 24 224
0 130 0 130
51 251 51 251
0 380 0 180 380
0 194 0 194
46 246 46 246
0 316 0 116 316
0 261 0 61 261
83 283 83 283
0 376 0 176 376
148 348 148 348
115 315 115 315
0 225 0 25 225
0 202 0 2 202
175 375 175 375
0 41 0 41
0 160 0 160
24 224 24 224
0 50 0 50
56 256 56 256
0 317 0 117 317
0 349 0 149 349
0 114 0 114
116 316 116 316
0 123 0 123
0 68 0 68
181 381 181 381
0 290 0 90 290
167 367 167 367
89 289 89 289
0 382 0 182 382
0 25 0 25
0 231 0 31 231
149 349 149 349
0 34 0 34
0 89 0 89
0 226 0 26 226
0 98 0 98
53 253 53 253
0 43 0 43
0 291 0 91 291
0 323 0 123 323
25 225 25 225
0 52 0 52
0 318 0 118 318
90 290 90 290
0 116 0 116
0 61 0 61
0 180 0 180
0 328 0 128 328
145 345 145 345
0 383 0 183 383
26 226 26 226
0 189 0 189
0 125 0 125
182 382 182 382
21 221 21 221
0 222 0 22 222
0 314 0 114 314
31 231 31 231
0 379 0 179 379
0 351 0 151 351
123 323 123 323
0 255 0 55 255
0 91 0 91
0 320 0 120 320
0 155 0 155
0 100 0 100
0 164 0 164
0 347 0 147 347
119 319 119 319
64 264 64 264
0 357 0 157 357
0 109 0 109
0 292 0 92 292
0 118 0 118
63 263 63 263
0 182 0 182
156 356 156 356
0 394 0 194 394
0 288 0 88 288
5 205 5 205
0 298 0 98 298
0 293 0 93 293
87 287 87 287
0 325 0 125 325
0 390 0 190 390
0 229 0 29 229
0 29 0 29
0 148 0 148
179 379 179 379
0 93 0 93
189 389 189 389
0 38 0 38
0 157 0 157
0 266 0 66 266
93 293 93 293
0 289 0 89 289
0 166 0 166
88 288 88 288
0 111 0 111
0 381 0 181 381
120 320 120 320
0 175 0 175
0 358 0 158 358
0 207 0 7 207
180 380 180 380
0 262 0 62 262
29 229 29 229
0 4 0 4
61 261 61 261
0 77 0 77
176 376 176 376
0 22 0 22
0 263 0 63 263
2 202 2 202
0 31 0 31
0 240 0 40 240
0 40 0 40
117 317 117 317
0 104 0 104
0 355 0 155 355
0 300 0 100 300
0 168 0 168
62 262 62 262
0 204 0 4 204
0 392 0 192 392
0 241 0 41 241
191 391 191 391
0 268 0 68 268
0 15 0 15
0 388 0 188 388
0 398 0 198 398
0 198 0 198
0 24 0 24
0 269 0 69 269
0 88 0 88
0 264 0 64 264
91 291 91 291
0 329 0 129 329
0 274 0 74 274
68 268 68 268
0 306 0 106 306
0 106 0 106
0 278 0 78 278
0 42 0 42
0 210 0 10 210
128 328 128 328
0 356 0 156 356
183 383 183 383
193 393 193 393
160 360 160 360
0 205 0 5 205
0 215 0 15 215
0 366 0 166 366
165 365 165 365
4 204 4 204
0 242 0 42 242
69 269 69 269
0 63 0 63
0 191 0 191
0 389 0 189 389
0 81 0 81
0 26 0 26
0 238 0 38 238
10 210 10 210
0 90 0 90
0 145 0 145
0 248 0 48 248
198 398 198 398
92 292 92 292
0 330 0 130 330
157 357 157 357
0 234 0 34 234
194 394 194 394
0 271 0 71 271
43 243 43 243
0 56 0 56
0 391 0 191 391
0 281 0 81 281
98 298 98 298
0 120 0 120
0 10 0 10
0 129 0 129
125 325 125 325
0 74 0 74
0 193 0 193
190 390 190 390
130 330 130 330
0 83 0 83
0 277 0 77 277
34 234 34 234
0 147 0 147
0 92 0 92
66 266 66 266
0 304 0 104 304
76 276 76 276
0 156 0 156
0 364 0 164 364
158 358 158 358
168 368 168 368
7 207 7 207
0 365 0 165 365
0 360 0 160 360
164 364 164 364
104 304 104 304
0 76 0 76
0 21 0 21
0 246 0 46 246
40 240 40 240
0 149 0 149
