0 158 0 158
301 301 301
197 397 197 397
319 319 319
0 117 0 117
0 135 0 135
38 238 38 238
296 296 296
305 305 305
0 282 0 82 282
0 9 0 9
399 399 399
0 256 0 56 256
13 213 13 213
0 94 0 94
45 245 45 245
0 103 0 103
0 348 0 148 348
105 305 105 305
0 121 0 121
282 282 282
19 219 19 219
171 371 171 371
20 220 20 220
394 394 394
0 98 0 98
0 116 0 116
145 345 145 345
0 222 0 22 222
259 259 259
268 268 268
86 286 86 286
286 286 286
295 295 295
0 255 0 55 255
119 319 119 319
380 380 380
0 84 0 84
0 93 0 93
0 321 0 121 321
0 102 0 102
93 293 93 293
245 245 245
0 111 0 111
0 381 0 181 381
186 386 186 386
0 295 0 95 295
366 366 366
0 296 0 96 296
384 384 384
0 70 0 70
0 388 0 188 388
0 237 0 37 237
0 269 0 69 269
0 97 0 97
0 329 0 129 329
240 240 240
0 270 0 70 270
267 267 267
59 259 59 259
0 211 0 11 211
0 303 0 103 303
92 292 92 292
361 361 361
0 395 0 195 395
0 244 0 44 244
184 384 184 384
379 379 379
0 56 0 56
388 388 388
0 336 0 136 336
0 65 0 65
397 397 397
0 74 0 74
0 83 0 83
34 234 34 234
0 92 0 92
0 369 0 169 369
244 244 244
158 358 158 358
67 267 67 267
99 299 99 299
0 186 0 186
159 359 159 359
0 195 0 195
40 240 40 240
356 356 356
365 365 365
41 241 41 241
0 51 0 51
0 69 0 69
221 221 221
74 274 74 274
239 239 239
166 366 166 366
248 248 248
15 215 15 215
47 247 47 247
0 172 0 172
0 335 0 135 335
0 181 0 181
0 190 0 190
199 399 199 399
0 199 0 199
0 276 0 76 276
48 248 48 248
80 280 80 280
140 340 140 340
0 217 0 17 217
0 37 0 37
369 369 369
0 55 0 55
22 222 22 222
225 225 225
234 234 234
0 251 0 51 251
0 283 0 83 283
55 255 55 255
0 343 0 143 343
328 328 328
0 194 0 194
0 284 0 84 284
337 337 337
0 316 0 116 316
346 346 346
148 348 148 348
0 32 0 32
0 225 0 25 225
0 41 0 41
0 317 0 117 317
0 349 0 149 349
0 59 0 59
202 202 202
0 68 0 68
181 381 181 381
211 211 211
0 290 0 90 290
220 220 220
0 350 0 150 350
0 153 0 153
0 323 0 123 323
0 171 0 171
0 180 0 180
0 232 0 32 232
323 323 323
21 221 21 221
0 324 0 124 324
350 350 350
359 359 359
0 265 0 65 265
0 45 0 45
146 346 146 346
0 298 0 98 298
215 215 215
0 139 0 139
0 390 0 190 390
0 148 0 148
179 379 179 379
28 228 28 228
0 166 0 166
318 318 318
180 380 180 380
336 336 336
0 13 0 13
345 345 345
121 321 121 321
0 22 0 22
153 353 153 353
2 202 2 202
0 40 0 40
94 294 94 294
95 295 95 295
0 143 0 143
187 387 187 387
68 268 68 268
0 161 0 161
304 304 304
0 356 0 156 356
128 328 128 328
0 297 0 97 297
69 269 69 269
101 301 101 301
340 340 340
0 17 0 17
161 361 161 361
0 238 0 38 238
102 302 102 302
194 394 194 394
0 239 0 39 239
0 129 0 129
135 335 135 335
290 290 290
0 304 0 104 304
0 156 0 156
76 276 76 276
299 299 299
0 396 0 196 396
0 213 0 13 213
317 317 317
0 245 0 45 245
0 305 0 105 305
0 337 0 137 337
0 397 0 197 397
0 21 0 21
0 219 0 19 219
0 311 0 111 311
0 124 0 124
0 371 0 171 371
0 220 0 20 220
276 276 276
9 209 9 209
285 285 285
294 294 294
303 303 303
42 242 42 242
0 345 0 145 345
0 286 0 86 286
0 101 0 101
0 319 0 119 319
0 119 0 119
0 128 0 128
0 137 0 137
280 280 280
17 217 17 217
298 298 298
82 282 82 282
0 2 0 2
83 283 83 283
0 96 0 96
0 105 0 105
56 256 56 256
116 316 116 316
0 123 0 123
0 285 0 85 285
284 284 284
293 293 293
149 349 149 349
0 318 0 118 318
90 290 90 290
387 387 387
0 259 0 59 259
396 396 396
0 82 0 82
123 323 123 323
0 292 0 92 292
0 118 0 118
156 356 156 356
270 270 270
0 293 0 93 293
97 297 97 297
0 358 0 158 358
0 267 0 67 267
0 299 0 99 299
0 359 0 159 359
0 86 0 86
0 240 0 40 240
0 95 0 95
0 0 0
238 238 238
0 104 0 104
247 247 247
256 256 256
265 265 265
0 241 0 41 241
274 274 274
0 274 0 74 274
0 384 0 184 384
0 366 0 166 366
0 215 0 15 215
386 386 386
395 395 395
0 399 0 199 399
0 90 0 90
0 248 0 48 248
0 99 0 99
37 237 37 237
242 242 242
0 340 0 140 340
251 251 251
269 269 269
0 184 0 184
70 270 70 270
11 211 11 211
372 372 372
0 365 0 165 365
381 381 381
390 390 390
44 244 44 244
0 67 0 67
104 304 104 304
0 76 0 76
219 219 219
0 85 0 85
196 396 196 396
228 228 228
237 237 237
137 337 137 337
255 255 255
96 296 96 296
0 179 0 179
188 388 188 388
0 188 0 188
0 197 0 197
0 247 0 47 247
129 329 129 329
349 349 349
358 358 358
111 311 111 311
0 44 0 44
0 280 0 80 280
0 80 0 80
0 221 0 21 221
103 303 103 303
232 232 232
85 285 85 285
241 241 241
195 395 195 395
0 165 0 165
136 336 136 336
118 318 118 318
335 335 335
169 369 169 369
353 353 353
0 39 0 39
371 371 371
0 228 0 28 228
0 48 0 48
51 251 51 251
209 209 209
0 380 0 180 380
0 339 0 139 339
143 343 143 343
0 202 0 2 202
0 372 0 172 372
0 169 0 169
321 321 321
0 187 0 187
0 196 0 196
339 339 339
348 348 348
0 25 0 25
0 34 0 34
0 387 0 187 387
0 346 0 146 346
25 225 25 225
0 328 0 128 328
213 213 213
222 222 222
0 379 0 179 379
0 361 0 161 361
0 146 0 146
0 302 0 102 302
316 316 316
0 394 0 194 394
0 353 0 153 353
0 11 0 11
343 343 343
0 20 0 20
0 294 0 94 294
0 38 0 38
0 386 0 186 386
0 47 0 47
84 284 84 284
217 217 217
0 150 0 150
0 159 0 159
117 317 117 317
302 302 302
311 311 311
329 329 329
0 268 0 68 268
150 350 150 350
0 15 0 15
0 209 0 9 209
0 42 0 42
32 232 32 232
165 365 165 365
0 242 0 42 242
124 324 124 324
0 136 0 136
0 145 0 145
65 265 65 265
297 297 297
0 234 0 34 234
139 339 139 339
324 324 324
98 298 98 298
190 390 190 390
0 19 0 19
39 239 39 239
0 28 0 28
172 372 172 372
0 140 0 140
0 301 0 101 301
283 283 283
0 149 0 149
292 292 292
